100
84 -13 -56 -92 73 14 26 89 -53 50 -17 -35 -54 94 -20 36 -16 49 -53 -43 -41 62 -76 -3 -49 19 -35 -88 59 -76 8 -22 47 10 56 68 -23 11 55 66 -65 -53 -69 -95 -49 -57 62 78 60 -14 -18 39 95 -15 50 2 61 37 22 -87 -60 -41 -93 52 -89 -70 -50 25 61 -16 7 -40 -45 -8 -32 75 -8 -70 -61 -3 28 15 13 45 -21 -64 -36 -61 -20 46 69 38 -44 -66 -45 31 -29 -84 -41 -70
12 48 81 56 -63 41 69 27 -97 -81 -34 70 -31 73 88 100 37 -48 -81 0 95 -43 -22 28 92 26 58 68 29 -100 3 39 -30 43 -41 31 0 -59 -21 -11 -73 98 76 18 -81 48 -5 -43 92 -33 30 13 -98 63 69 -31 -83 -7 -21 87 -47 77 40 -8 90 96 -75 17 6 -47 -70 -25 81 -42 -19 17 48 54 -35 3 72 64 66 -53 -37 18 -66 -26 4 -93 -73 -95 -64 -8 48 66 17 37 -32 40
75 7 73 -93 -32 54 10 75 1 50 85 -97 35 55 -14 55 -72 -96 -93 -8 -49 -87 -73 -68 44 -61 -62 25 -21 38 -70 -67 61 -73 69 37 -81 -49 -30 76 88 -90 -25 -39 -8 -91 45 88 46 -75 58 -24 -9 78 96 21 44 65 1 -50 -14 -80 8 -91 71 -22 -79 90 72 20 -1 -12 -88 99 -52 47 -78 -3 19 53 97 -59 -11 62 48 -5 -13 -97 32 -93 15 -78 5 -93 -93 90 12 46 34 -93
-61 95 36 -81 -96 22 3 -46 -19 9 33 63 67 -71 51 -74 -56 69 36 8 -50 -91 0 -62 -20 -5 24 64 78 31 -49 -38 -7 30 -14 -76 -1 -77 -3 -88 -6 -25 93 80 -85 -92 11 55 40 -16 -9 -53 76 -17 38 -71 29 -55 -9 -93 -56 50 3 3 81 63 72 38 -93 -17 12 -20 94 80 -94 68 92 18 -71 -44 96 48 -58 -64 -29 12 13 98 -12 38 -37 -28 47 52 -41 -99 56 79 38 -86
-59 -25 -7 83 32 -65 -50 -44 -71 -88 65 65 26 -27 -63 -40 78 -57 -60 -77 33 59 -45 94 78 -91 -13 40 -69 -64 -18 -80 98 20 -71 64 -100 58 -67 58 -80 16 -21 25 -94 41 -39 -39 -79 76 3 -97 -85 -13 -57 83 -65 -72 -81 -27 71 41 -30 87 -25 63 3 -75 99 -29 -20 -55 4 82 -86 -86 -76 19 10 82 9 -1 57 2 -3 -92 60 -33 -18 -91 -49 19 -7 99 25 67 79 -85 -95 -85
-63 49 29 53 19 86 -75 -78 -40 98 46 83 40 13 -64 -88 54 -88 -42 38 94 96 -68 -94 -48 -2 -94 25 44 84 50 22 -18 -66 -61 81 84 -23 -63 54 -27 -51 41 -46 6 -20 -46 -10 2 74 46 -11 1 71 36 -86 -71 -99 -50 100 57 33 -75 94 17 85 -15 95 -57 7 51 -6 -82 82 65 75 -77 19 -11 -6 -73 -63 -39 -84 84 -24 -57 -64 -1 43 -73 -37 9 -84 -78 -38 54 -11 -72 -89
-71 -54 59 4 -38 -48 17 34 -62 71 -58 67 -15 -91 63 3 80 -19 -72 82 48 36 -60 8 20 -40 89 -34 16 -44 -77 0 42 53 -11 -52 73 -56 59 -25 -28 -80 30 -2 26 64 -3 -80 -61 64 -92 -69 99 97 32 -10 76 73 -53 53 6 -43 50 -30 -58 59 16 -97 53 33 14 8 -78 11 -28 -63 -77 -51 66 23 96 -89 92 -41 66 -2 85 6 -11 41 -92 -37 -71 -48 -18 98 -18 28 49 75
72 -27 -93 47 -80 62 11 17 17 -39 80 20 -83 33 58 13 -70 -57 47 -20 -83 -87 28 19 76 -33 -98 92 67 44 -63 -2 3 30 2 -45 -89 22 -55 87 -9 -1 99 -57 -43 -26 -20 46 -40 75 84 81 34 48 -74 -4 28 -65 -95 -57 -58 1 -44 59 77 -98 58 59 -65 -1 82 84 -23 53 -39 44 -37 12 -52 -45 -33 85 24 4 -5 -76 -15 -63 -68 61 -10 -64 -32 -47 18 67 -1 23 6 -19
-47 -51 -92 -31 26 17 34 -83 84 3 -13 39 -34 70 91 -4 -22 51 -93 -96 -46 -22 -67 -36 70 37 -100 -70 -33 -13 37 34 -64 -67 -48 -20 -5 32 -23 67 12 95 -38 33 44 93 8 -60 61 8 -16 69 -31 -87 99 -49 80 93 -68 14 -75 -56 -19 -10 -53 -53 -81 -19 -47 -21 16 39 54 95 -51 77 60 21 -97 58 -80 82 33 96 -27 -63 51 30 -58 -17 -54 -65 99 -44 -22 43 72 31 -3 -98
-34 -100 -58 40 -59 -45 -33 72 91 -31 -43 45 -63 92 86 -83 63 -2 -49 -33 -5 86 -72 -45 49 -85 -99 88 96 59 92 96 -66 69 36 16 -7 49 -6 -53 -33 -61 67 18 24 -7 28 11 27 -28 -86 -36 -92 -87 13 -41 -16 -52 -64 -71 -90 66 -26 -71 -89 79 -43 -39 72 41 -55 61 55 85 90 53 -60 97 -49 8 93 18 26 -98 -70 54 -95 94 -37 -19 76 -64 -89 -97 27 -41 27 51 -30 47
-79 16 57 -69 65 66 66 88 -18 -9 20 12 6 -7 -92 -57 -93 -56 -8 -87 -40 48 -15 -18 5 5 -23 53 38 -13 -54 18 58 56 43 -42 -56 -39 -52 -94 8 -60 91 -7 25 97 40 -44 15 19 -67 95 77 -24 40 12 -7 27 17 -84 -18 14 -98 -65 93 -79 -80 92 -59 -12 9 71 -60 24 98 100 57 -56 -95 93 17 32 18 81 -90 39 14 -44 25 34 -92 -90 1 59 -57 -47 -40 38 -2 25
84 54 -3 -25 33 78 33 -94 -92 20 15 84 49 96 -4 75 83 -59 51 4 77 35 -4 87 80 69 34 62 -29 -42 80 -82 -61 27 -21 20 -34 -54 75 59 94 -63 76 66 -54 -73 70 -93 28 38 -75 -46 -52 39 8 -29 0 93 -15 -15 -60 -36 52 -28 -79 11 -32 17 81 -53 65 15 -15 -14 -8 -63 66 -25 -23 -100 -55 -64 -3 -79 48 60 -28 -71 83 47 -13 -60 -44 98 -64 63 6 -20 54 -66
69 -56 90 72 -43 75 -25 37 -64 38 -92 -31 96 37 93 -65 -19 17 93 56 14 -94 -16 -81 65 -11 73 -16 -27 61 -36 85 97 97 -40 92 88 -8 93 -92 93 57 -79 56 6 44 35 1 -72 99 -50 -73 -73 -79 57 60 -43 44 6 -83 46 4 18 64 -39 -44 46 -5 98 57 -50 13 25 48 -75 8 55 73 -43 30 -3 -28 86 33 14 93 65 -59 -29 71 2 62 47 -3 -48 19 48 -84 52 5
29 6 19 49 21 85 -43 -66 73 43 -14 -60 39 -12 -26 7 96 -19 58 -16 5 44 29 54 -7 -57 6 80 -47 -84 28 -19 41 -22 91 3 68 91 28 17 -50 43 25 19 12 -51 71 -49 45 85 78 -26 -74 50 -17 -29 -75 87 68 -57 -11 -85 -89 79 -43 -96 -79 2 98 92 96 74 32 49 76 96 -10 4 -89 42 -21 -3 49 58 -79 -51 -47 -22 60 55 19 86 51 -57 34 4 -93 33 -37 55
-69 -98 100 12 -27 32 63 22 10 -46 49 84 71 -10 -25 27 13 -75 -49 -41 76 -3 -48 3 -78 -44 -64 -17 70 38 -23 -15 -65 89 38 -1 -15 -36 -37 40 3 13 -64 -51 -74 -91 -91 5 36 -44 75 -64 -98 -39 -95 -33 -84 95 -94 -30 -73 -65 25 -61 -8 -82 -33 -57 -24 -6 -37 -25 62 35 -66 45 55 43 -65 48 27 26 -8 -53 47 -75 -45 -55 61 67 -61 11 -74 69 -20 -49 0 6 -47 44
-4 29 -98 57 -11 -76 -36 -69 88 -41 77 -91 -98 2 -7 19 -36 -63 -26 62 -12 78 28 -74 -61 -92 -84 34 72 35 35 94 -39 -2 37 -16 -34 -16 70 49 64 -16 -61 -84 48 16 32 56 -36 -43 -13 82 -83 83 -32 -47 -6 90 67 6 2 -47 20 -84 -99 -50 65 -62 73 -28 -60 27 -52 64 17 10 -35 13 -17 99 -70 51 -47 -35 -69 84 -56 46 12 46 -30 59 -74 40 -31 29 62 65 53 -89
78 -93 -28 -4 49 43 57 -70 27 57 82 -74 16 100 42 58 -82 26 15 -78 92 77 -81 57 -82 34 34 -50 21 -38 52 -67 -76 65 17 74 84 -24 -56 -43 83 33 32 -72 -17 78 26 -81 89 -85 45 -43 -3 -46 90 41 45 77 -25 -67 -89 -7 -29 89 -44 -59 2 4 20 -99 42 -92 95 -31 -46 88 49 -16 1 -35 -7 42 -72 36 -92 -26 73 69 59 -80 -84 32 -2 -6 -15 -12 -80 2 -77 -83
35 97 -64 -83 -76 -85 2 -24 -39 37 -100 -29 95 -61 33 -27 78 -16 33 -42 -53 -10 13 83 32 71 -16 -61 -4 -25 13 10 -86 -21 -54 33 -98 16 72 -76 -13 24 14 53 -85 55 -62 10 68 54 -37 15 -35 -54 -1 -88 24 -92 13 -63 -10 34 -22 -92 79 -76 98 99 42 -14 -3 29 27 -17 25 36 -33 51 41 68 -32 -25 39 40 16 -46 -73 74 78 49 87 37 -51 -71 74 5 98 67 -93 26
37 -54 -53 -97 29 91 -74 71 -55 -39 -13 -95 -9 -38 98 77 85 -16 62 90 42 -34 52 44 -89 -18 -65 -76 40 76 97 58 44 69 -62 -72 -99 69 94 -55 100 -34 -32 43 -85 -25 38 18 38 4 0 4 30 -35 93 41 95 90 6 -59 34 83 -27 48 -66 -59 -7 -54 -71 -99 -4 84 34 -99 42 19 -79 67 40 -81 -83 -25 -50 -98 7 -66 -63 94 84 -96 -59 81 31 20 43 -78 -45 13 -92 99
96 57 -34 -56 20 74 -29 12 -67 -43 -47 -77 69 -100 46 20 78 -96 22 -59 93 -58 20 -4 53 -19 29 34 -51 -49 -89 27 5 91 55 -96 -83 13 -35 82 71 15 74 -64 -43 -57 22 -53 -30 -83 -41 -27 -100 87 15 34 42 90 41 17 47 91 79 23 60 -99 26 84 -42 72 -70 -70 67 -51 -50 -68 -36 67 14 -40 90 -80 -12 -87 57 -55 -25 -15 -67 -67 46 -78 48 -92 87 -92 -73 16 22 84
69 -10 -50 -34 1 -12 76 50 17 -83 -15 -4 45 94 -55 77 86 1 -55 40 -1 9 -88 -59 97 -49 -87 93 49 13 75 3 82 95 82 -43 12 11 60 100 45 96 -98 27 -6 -63 54 -8 18 72 20 82 -72 47 81 84 96 63 -63 62 -28 59 -14 60 22 18 -23 48 18 -48 44 25 -26 -56 -58 64 22 5 33 -74 -57 84 1 -16 -96 48 -42 6 -98 20 81 75 -13 12 -26 98 -35 -47 74 8
88 33 -2 99 53 -79 39 -3 -16 32 62 67 15 -41 -15 -100 -35 -25 -96 -23 43 -90 -48 34 7 43 65 -13 -99 -88 -89 43 -40 64 -60 23 11 76 -38 -92 -99 46 -91 28 -36 83 13 -9 82 51 -22 -25 -20 7 66 -14 -16 -74 -54 73 82 9 -82 87 97 92 22 75 -3 -90 17 44 -50 -39 -61 35 -26 19 3 -79 -47 -81 52 -13 -44 65 33 -86 -7 -82 -72 79 -3 24 -7 72 45 71 43 39
-35 37 63 10 -27 41 -99 -17 71 12 63 -33 -28 80 -40 97 -69 80 -65 6 -81 100 1 -55 -40 63 81 29 45 -41 46 -91 -57 -44 14 35 30 12 18 82 21 -8 63 44 -51 -13 -70 -73 21 70 -70 23 -90 91 16 -19 71 5 -12 -55 26 -94 -42 -6 -22 -64 -27 37 81 -48 91 -48 63 -20 0 -93 -84 -15 -87 53 -40 72 -35 -63 25 -11 44 47 34 -60 42 -28 72 -80 -93 -50 63 -51 81 56
49 -3 -88 -3 43 94 -74 2 -27 -49 54 -62 -58 -34 92 -100 -24 42 -13 -28 10 61 -72 54 81 78 4 -41 -9 64 93 -61 -59 61 70 45 -77 -5 -12 -26 -8 23 15 -48 -42 0 46 5 99 -19 49 -88 63 24 86 29 38 -94 -89 77 82 66 -45 78 57 -36 -11 -99 97 10 23 19 41 69 80 -28 79 97 -55 -55 -95 -10 -79 -48 -83 24 23 -85 -46 34 38 -53 58 98 -49 85 17 56 27 -1
-52 98 48 -50 22 40 -59 69 -58 70 36 -13 66 -62 -17 27 -71 71 -58 89 -81 55 57 22 37 85 50 73 -24 78 70 68 53 -44 -2 -39 -95 46 -38 69 -18 31 -14 -36 -43 22 53 -59 -74 -67 20 -64 24 -86 42 -13 -37 55 -84 -24 90 75 27 66 -24 -44 96 41 24 32 14 -1 15 -20 73 -73 34 -96 42 -18 54 92 11 4 -83 -93 -17 69 39 -99 63 63 52 39 50 -43 -78 -94 15 -89
88 -39 -100 42 -54 100 -38 85 68 72 15 99 21 94 -50 -8 48 43 -69 13 78 -2 85 -49 -97 -21 81 -99 99 31 85 31 -96 16 -7 17 -88 -92 -2 93 -22 96 -25 -93 -60 -44 -74 -66 49 -48 92 -63 -23 5 -17 -24 -95 -54 -21 -49 -75 18 94 -81 13 -10 -55 99 -48 33 -7 -91 -94 93 80 -34 65 2 40 73 84 -35 -93 48 51 54 30 -22 -91 -86 29 -55 71 0 -31 -79 -9 27 -5 -79
60 -25 -4 67 83 5 57 69 6 10 37 43 -17 30 50 1 97 -85 -34 -29 48 43 62 -92 -20 -77 87 -64 6 -92 -19 -56 70 37 -98 77 -73 44 46 -37 50 -50 -69 -43 -31 65 81 -71 -77 -99 -8 -64 27 -78 -87 -12 61 27 -83 93 97 48 -13 -5 -39 51 7 62 24 42 58 -5 10 37 27 22 100 18 87 -74 -69 -5 -58 40 44 6 -41 -62 -24 -65 -97 69 35 -17 79 42 91 63 40 81
63 95 -20 -55 96 6 66 68 15 -30 62 79 -95 -16 20 24 -59 43 68 79 -84 60 -50 67 -91 -26 10 -69 64 -94 17 3 89 -46 17 7 -46 -23 -41 40 -67 -68 96 68 -9 36 81 41 -32 -29 6 -88 4 -9 30 -41 -38 -78 -14 -29 93 -58 -91 -29 5 -1 -63 -91 -91 -87 54 -63 -28 66 55 4 -58 -68 90 -6 -46 -68 -49 90 11 -50 -71 -3 98 69 76 -1 -45 97 -93 13 12 86 -93 23
38 74 83 -80 44 78 -84 -19 -53 -3 13 -49 -3 -55 -55 15 47 -18 5 90 -94 23 -72 94 11 58 47 -71 26 -1 21 -14 -7 39 40 37 13 60 14 13 -88 -81 -53 39 27 5 1 58 38 -78 -50 22 -73 -16 18 83 -96 -48 -51 91 33 -49 -1 -69 -93 56 86 7 -33 -47 41 -70 -73 97 48 -96 -16 -92 -8 19 53 34 -4 -96 -57 37 19 37 -7 56 -94 -20 -31 16 75 28 33 -56 84 80
-8 48 70 -48 -17 99 -16 27 -3 77 -56 -98 -60 67 -88 30 85 -4 -32 70 -93 70 26 57 -84 -51 37 -7 72 -26 82 -96 72 -31 65 16 38 10 87 8 -96 -30 -41 -95 71 90 59 74 4 -82 36 -93 -50 -99 69 53 -65 78 -85 -74 -25 -37 53 -53 -86 -50 -32 82 -100 32 -71 24 -92 85 89 69 69 99 84 97 -94 76 -100 -73 -34 41 -98 -64 61 17 80 -20 -79 97 -89 -72 -29 41 90 -24
-80 53 -4 -61 10 -89 99 -84 -54 -65 11 -1 80 75 34 79 -55 -66 58 -28 91 -78 -3 -41 -86 18 -98 31 31 66 -10 -61 83 82 84 56 18 18 97 38 -36 83 -82 39 -86 32 27 34 17 -74 -42 4 -69 -92 86 -83 -75 -40 -11 35 53 100 -75 -12 76 -49 -48 -5 31 96 -16 -42 -1 52 37 28 80 21 99 94 -83 26 27 -64 -3 -85 -21 27 -85 -23 40 -16 -32 -61 50 -92 100 82 76 -65
64 45 33 -71 -29 -9 93 -66 -90 21 41 62 77 2 34 -17 36 52 -44 -93 88 53 -12 66 -88 82 -4 30 83 -67 -79 -61 1 -96 -19 -23 -81 59 -16 50 -46 16 -80 30 94 60 -100 -14 -66 14 -67 74 -52 84 -54 -84 24 99 -29 27 -21 14 100 -91 -30 -14 81 -17 -97 44 -72 94 5 -38 -8 77 21 -77 7 2 9 -99 66 -10 -51 -26 46 0 -2 -11 10 -89 -60 -30 76 -98 -99 -12 -91 41
-9 -41 72 -56 38 99 -7 -21 -36 18 69 -100 8 -17 93 30 63 50 34 -18 -86 -56 -81 -31 2 -1 -72 25 100 100 -15 76 -91 8 24 -14 93 -23 86 12 -82 -42 -63 54 -45 74 -85 -3 7 80 83 -73 -97 30 -13 -22 -88 -39 -98 1 -43 92 -80 37 -53 -59 2 76 -60 -29 19 -82 47 11 68 -96 -52 49 -71 89 41 -92 -16 15 52 -86 19 36 -91 57 10 75 -57 -96 48 -22 -83 87 -26 31
-66 2 -13 -68 71 -61 -34 -21 -38 -33 11 -2 97 -7 -85 97 -73 -21 -49 77 89 87 -62 93 50 -95 43 22 32 34 -67 33 6 74 17 -71 11 74 -74 -96 -83 -67 -2 -92 44 17 -48 24 66 44 -63 -35 -28 54 3 -2 37 -35 -31 24 2 -53 -27 18 -43 -94 26 12 -81 -47 -80 -33 -10 -63 -44 -22 3 -2 -85 -3 98 -90 -89 92 44 -35 75 35 25 13 -73 49 45 -2 77 30 -8 -56 -3 59
46 -77 -9 -89 -70 -46 -62 69 -42 -63 -49 -51 17 -2 32 -100 85 68 12 -70 73 53 -86 -13 10 62 -25 31 -1 74 -100 -48 -18 6 -57 38 33 52 -50 -25 21 25 -72 -95 -62 43 -19 77 -96 3 -46 99 -63 -73 51 45 -99 -21 51 -5 -16 8 5 62 59 82 -73 -88 -41 -74 0 93 36 56 18 56 61 -2 2 -94 -63 31 65 70 -1 -13 -48 30 68 48 -74 98 -87 45 -50 -79 -77 -4 -19 -66
100 -89 -96 78 12 28 -100 -81 19 -27 -39 96 26 11 60 -10 -23 67 -96 60 -58 33 -38 81 -61 -45 -45 -50 76 64 -45 -86 -86 37 93 52 82 -94 -79 -29 55 -69 90 4 30 69 -35 -78 5 64 86 -94 -9 46 41 -77 21 -28 -15 71 68 -69 77 57 44 60 92 64 12 -52 -31 76 19 -82 -23 1 40 -84 -96 -44 66 29 34 69 -27 -2 17 -53 -22 -56 62 -69 -71 55 -61 93 36 -54 -97 39
99 -65 -99 24 99 43 -95 8 -15 89 33 -90 63 -36 69 89 43 25 -65 60 -60 -92 -84 58 -68 -2 11 96 -73 47 63 78 -14 -99 -37 -9 3 -19 94 -43 79 -23 55 90 62 36 36 -68 -31 37 83 -23 -2 -82 -36 -59 -99 12 -36 40 42 0 -88 -15 -77 88 56 -1 -25 -12 -29 -24 -65 48 81 -23 -82 41 25 -72 16 8 -76 -26 -98 73 99 -51 -69 -62 54 -67 13 75 69 -14 -66 -47 99 -96
1 -33 88 40 -2 75 -100 -50 96 -76 20 43 46 64 66 13 56 33 42 -10 48 -78 78 50 11 80 -68 40 78 -13 33 -48 71 -51 68 -2 78 -33 -2 57 72 -37 90 5 -50 58 -35 -51 18 -14 17 3 40 -97 -79 91 -86 -62 -2 -30 -8 58 87 22 -50 70 59 -53 89 56 -26 23 -76 87 30 -15 -85 -93 -32 73 -54 -35 47 -80 -90 58 -75 -13 25 96 -40 -59 -25 -71 -36 -2 -24 -4 57 73
66 -8 62 18 -21 38 -32 11 -73 81 53 -48 -2 -49 -97 -66 -29 57 35 3 -7 -64 -100 -32 -11 -46 -94 98 -40 94 84 -75 -88 -86 -82 42 -4 -4 -97 81 70 -11 -30 -74 -20 -100 6 76 75 15 70 -31 43 82 -85 -25 -7 -33 90 -46 48 -60 -21 46 98 -89 -17 0 77 -78 -67 -16 -97 -5 -26 85 -59 -47 -25 6 87 -61 -82 -67 68 9 -56 21 -58 -46 -65 -25 55 -88 93 -55 25 40 79 -82
78 -83 98 41 45 -10 -26 -87 -8 22 -14 -22 -76 60 69 -73 -77 58 -18 78 -73 60 -8 66 62 54 -60 38 -70 -92 -15 87 -87 -62 66 -36 10 -51 81 -18 48 -91 -83 77 45 5 -19 -34 72 46 -86 -50 -81 -61 77 81 78 -22 27 53 14 -84 -52 -5 59 -81 68 100 1 41 -72 -71 -15 59 21 -70 -85 -8 54 -33 -59 -77 -67 -71 90 -5 91 68 -32 1 -90 35 50 96 -80 -37 -21 -8 -70 5
-12 79 -20 -85 27 55 64 -30 62 -17 -62 97 -65 -50 -29 -42 66 -58 -3 -2 -40 87 79 -93 71 -78 57 28 -35 76 -91 -19 43 -53 63 8 31 2 40 45 20 68 -50 -35 72 45 17 23 19 -47 97 94 48 15 64 -94 -42 7 42 -12 -59 34 -69 69 -23 1 4 -60 -77 -59 -58 -87 45 -71 3 -49 80 -40 19 75 -49 -47 15 -70 -22 45 47 -59 -100 -15 -15 -87 -93 -84 58 13 42 0 -46 39
-91 8 -10 -13 -5 54 92 -54 53 42 74 -67 13 -18 33 99 -24 -92 84 73 34 -14 -41 31 44 9 52 -33 49 -34 -84 74 -95 -11 -88 92 -97 73 36 85 16 95 30 75 -87 48 11 -54 -93 -94 79 -93 13 -64 56 -59 -66 -38 -3 -24 -6 -50 -95 78 -35 87 -66 -29 -76 46 -54 70 -93 -43 20 -35 -30 64 6 -41 2 -86 -73 44 -38 -59 -72 45 -45 73 -67 -94 -63 55 -59 -46 71 15 3 -7
-70 91 -61 91 85 -35 -25 18 54 -15 -88 61 12 66 -49 -38 -73 -19 -63 23 -8 40 -19 39 -99 63 37 61 -98 -62 61 -64 14 -1 40 -100 59 -1 76 61 77 -49 29 88 -6 61 61 -9 61 45 -53 15 -95 3 -63 83 -24 -62 77 87 16 -9 82 -38 -23 -43 27 -13 -8 -12 -51 67 63 -85 1 29 93 1 -85 70 19 72 22 -8 -61 -66 -95 -31 -14 76 66 -60 19 3 4 -26 -92 97 83 -90
31 -29 9 38 18 -81 -67 -25 91 29 -10 -44 -30 -30 -60 -8 33 24 90 77 53 -86 87 71 50 -22 64 -61 -66 -85 5 -97 60 83 19 53 18 80 52 2 0 -88 57 -83 -58 55 -2 85 -45 -93 18 -64 -81 -20 61 -85 28 -48 88 12 -81 -7 -49 21 26 -20 93 -67 88 -69 65 80 96 39 -75 61 49 -62 57 92 51 47 8 -25 -25 -76 -88 -83 39 61 -18 -28 -47 -71 6 19 -74 -51 5 96
23 90 -17 -60 76 -98 75 88 43 -26 92 42 -80 -31 32 -80 -59 18 -79 49 48 88 -71 64 -76 31 -70 8 -72 -27 -65 73 0 -59 -50 -65 -54 -39 -93 -18 -16 54 94 3 -75 -93 0 -100 46 -17 63 84 32 43 76 39 65 -22 -93 -38 -68 -44 -58 7 38 85 -67 -92 -11 12 54 -90 5 -19 21 59 96 -87 -54 62 -27 23 13 -60 -87 -24 -47 -45 41 42 58 -79 -13 -99 -44 27 -79 69 -91 90
-71 -1 87 62 28 16 71 -40 -36 -22 -26 41 86 32 -35 -5 -73 14 -86 93 -79 10 -95 83 28 -23 -7 -17 12 57 -80 96 21 53 95 10 24 57 14 99 4 46 -98 -37 -71 -32 23 -80 100 -24 -52 74 95 0 25 1 -56 76 74 -15 90 -50 4 -48 -96 0 24 -89 -86 59 -6 -43 86 -11 -68 -17 -47 16 14 62 -46 -39 -42 94 -53 -77 -8 96 52 39 -73 -31 52 52 -14 22 49 27 91 -63
-32 73 24 -44 47 91 17 98 -21 -37 -97 -82 -68 49 21 -34 0 30 -22 44 -56 55 81 -6 29 76 49 -54 16 21 -96 -7 -82 100 7 -91 70 -44 -57 -41 93 23 92 41 -39 88 -43 58 29 -14 13 -29 37 -41 59 35 32 -42 -35 -98 -63 -32 -28 21 -52 -72 -81 96 -22 -1 -24 -30 -31 74 66 63 -16 -65 -44 -22 -61 -73 56 79 76 68 -39 17 58 19 56 -27 -75 27 -19 0 -16 -16 80 67
-30 32 -29 -78 50 65 -36 -44 -47 4 -66 86 -31 0 -32 100 -77 68 -60 3 69 27 98 66 -73 -79 -80 -51 71 -86 -95 -3 54 -38 -8 52 6 -12 -76 -58 94 -40 82 38 46 -86 -43 -4 -20 51 -80 99 11 -72 76 -33 -14 15 -83 24 26 79 100 79 -55 6 1 75 44 -5 49 18 92 -100 57 50 -78 -96 -44 63 -26 -61 -35 -78 30 54 51 -27 61 0 17 -2 -74 -27 -33 -5 -54 32 75 32
-59 80 85 -75 63 15 98 79 1 1 80 -93 61 91 -94 58 52 -29 -52 -64 63 -2 28 -25 -62 11 -39 -90 2 -71 -10 43 57 -34 82 21 -78 22 1 -8 -54 -45 -20 56 -49 -42 -100 -58 -78 23 -40 -3 -66 -18 -39 91 -43 -85 -20 11 34 12 5 -10 -55 -28 -81 -29 -53 -97 -33 7 -26 73 -61 7 -35 4 -94 10 82 16 90 3 -75 -69 50 81 37 39 47 70 -63 -79 -90 -13 41 -55 -8 -16
-78 -17 20 -91 -5 -92 -84 66 33 20 -63 62 95 5 90 46 83 -92 -54 -12 50 -34 -46 -92 -84 43 52 12 -29 31 24 -17 -45 79 5 55 7 63 -1 -59 68 -59 -30 -54 -41 1 87 90 -65 48 -57 -93 -50 69 -77 13 -95 -77 75 59 67 -73 94 -40 18 18 64 37 -85 81 22 -31 29 67 -10 -21 -75 -59 -99 -46 38 81 -15 -55 76 24 -67 32 -40 -93 20 84 28 -99 41 -84 -67 -73 -19 56
25 83 -82 47 -10 4 39 57 75 27 -9 -20 -62 80 82 -80 11 54 77 48 -57 55 40 88 48 69 -83 -88 21 29 -62 86 52 39 -32 39 74 -77 -96 76 -85 -97 -77 45 34 9 -98 -86 -83 -52 34 25 -50 -7 -86 -47 -5 54 -46 32 24 2 8 -63 96 94 -68 85 11 -31 84 68 99 31 95 -9 -1 83 91 71 79 -42 -43 58 7 -96 -6 -25 4 -93 39 -85 -51 -2 69 -82 13 -40 2 68
38 -55 -51 -23 -17 -75 -45 -24 81 58 -53 -49 77 32 -59 51 -87 -41 -17 -61 -26 -43 -48 37 75 89 37 3 -57 92 -76 -29 4 -50 68 16 99 73 -12 47 17 2 96 -38 -95 -71 -35 79 -44 -35 -5 -5 85 -74 36 51 -38 94 20 91 -91 -49 17 3 -26 79 -49 -13 -65 47 -55 -86 91 -27 -26 -70 -55 71 -22 -2 -77 87 -24 -14 32 60 15 36 6 95 -84 100 53 -12 56 97 -14 82 0 -66
-46 91 14 61 76 66 28 -22 -63 41 -20 -24 -46 92 3 59 -19 16 -83 65 -50 13 -13 -51 48 89 -79 -29 -26 62 31 9 -28 82 43 87 -29 96 -86 -71 35 51 -18 4 22 57 -86 -8 -13 -88 -12 30 6 19 -52 -74 -71 9 -19 -1 -10 8 -51 -62 -22 42 48 -51 34 -26 33 -39 77 16 -51 48 -44 -13 -3 90 10 -76 -73 98 97 65 -28 -34 -87 79 96 99 48 6 52 12 60 -93 -36 -31
-75 -45 37 55 -36 -81 32 55 -75 47 -36 -86 21 60 -45 33 81 -87 67 -1 55 6 -10 71 -54 -35 -8 -58 -84 31 4 26 80 31 42 -50 24 88 -88 -72 -23 -80 55 -69 -14 80 86 72 -56 -99 -23 -26 -48 48 77 78 -25 -40 -84 -94 22 7 -29 -98 46 -66 60 29 -89 45 100 5 -46 -67 -100 -41 -87 55 -14 68 -47 -2 18 -60 -45 64 -81 -50 34 -12 -42 79 -86 -51 16 84 59 -52 -93 39
-61 42 60 -72 -72 -65 54 70 -69 69 -32 -21 -35 18 55 -97 -65 -81 89 13 91 75 76 -45 3 -50 13 66 -1 -47 98 75 47 80 -84 95 -53 -99 -72 -62 -87 -6 50 48 -80 -99 38 -88 -5 -65 48 63 -91 -57 64 83 -92 92 89 94 27 70 -90 -97 -40 37 24 83 34 -31 -98 -62 11 -86 -76 52 -45 56 -75 62 -34 -64 57 37 49 -53 -81 -29 -49 88 -12 -3 95 99 79 -53 15 -81 99 -82
73 21 -36 49 -38 59 26 30 -67 -79 3 6 14 -47 14 10 14 66 9 46 -70 34 69 85 -11 -25 80 7 -12 97 22 -8 52 43 -86 -7 -95 -39 47 -72 -70 -70 -97 91 5 79 86 74 47 77 80 32 -95 94 -51 61 -74 -90 -34 7 97 7 26 -61 -81 -41 -78 -79 86 -44 -60 -84 6 -42 -35 -32 -43 12 63 -21 41 -81 80 34 66 -37 73 32 -37 92 -65 56 21 -16 5 -14 10 -99 -74 45
-39 -74 -10 93 69 52 44 -86 24 18 -16 78 60 -13 2 -77 38 93 -12 3 43 -79 44 -99 -77 -63 75 -75 -53 -54 80 -78 48 -74 62 -43 -39 96 -85 12 -84 -90 95 56 -15 -41 -85 74 -1 71 18 -24 78 66 -90 -3 -9 23 33 91 99 -14 -4 -86 24 38 -54 -74 25 -55 -50 49 27 -44 -32 41 -13 14 -1 8 84 -44 34 -11 -71 16 91 75 -40 24 70 98 -11 98 -46 53 55 -11 -56 -94
18 -33 51 -80 49 -49 -37 -92 59 -56 -3 56 72 -12 80 -14 75 -33 31 -10 34 -14 77 26 -8 -51 -56 82 -65 25 -82 -90 90 50 6 71 38 28 -95 31 63 82 16 75 52 75 -79 -37 -53 -81 -86 80 88 -72 15 11 4 35 -3 32 -88 26 57 -65 -4 -99 78 2 86 68 70 -16 90 80 -97 -85 59 9 -76 -94 -37 42 62 -23 -83 -32 -97 39 38 -78 -73 55 -99 50 46 5 -60 -12 -81 -53
64 -73 45 -23 61 40 48 -5 -55 78 4 -65 -4 93 -43 54 26 -48 -14 51 87 -41 36 40 -97 97 -20 -16 -15 -2 -83 37 -65 33 -3 78 -76 85 -75 -36 -9 -66 99 -52 55 -82 -29 23 -91 85 0 -40 -36 -61 90 47 1 -92 -33 36 -42 -96 19 31 27 89 -97 -62 51 -75 -57 59 -74 69 -26 78 -68 77 -64 -99 83 -60 25 82 -1 -15 -98 -34 93 57 -31 84 -41 -12 -61 -65 -61 85 -12 -40
-8 -28 89 5 -10 -31 -94 -32 -1 -10 -72 61 71 26 18 100 48 17 77 -23 54 -38 29 -78 32 77 -23 -97 -96 63 79 -7 -3 12 -40 -31 -66 98 -14 -7 -27 -19 81 47 -99 -61 -45 -75 -81 -66 -35 -96 23 72 -89 -70 -60 30 50 -93 -52 -33 -30 55 -24 -82 87 58 18 -96 1 21 -64 100 57 20 42 20 -70 -59 -22 91 -93 18 -40 68 6 -44 88 -59 -43 -93 -16 13 60 -45 -5 53 33 -98
7 25 -25 58 -94 -45 1 -4 -86 -67 -23 93 2 90 96 14 16 -58 -2 -90 -23 -4 -18 -9 30 22 -58 -25 -48 -69 -15 11 -83 -27 88 -37 37 49 -92 61 -50 -69 2 -96 5 -10 -28 44 -95 52 -22 60 36 -21 59 -40 -13 40 -42 36 -59 100 21 -29 43 77 -53 57 13 -31 86 100 -86 -14 -53 39 64 33 84 31 3 -21 -13 -16 51 99 -36 -13 57 -13 3 54 -53 -26 88 74 13 26 -4 -90
-22 -30 -17 -90 6 -78 -67 -38 -51 -64 13 -14 95 -71 87 53 -86 -19 7 12 -62 -56 98 -62 -73 7 62 89 66 39 6 -37 29 -3 -90 40 -65 -9 14 -94 -40 11 81 -49 89 35 -32 -43 39 -96 -18 -61 84 23 56 4 41 94 45 -89 -78 11 -26 85 41 37 -2 56 -96 98 -96 -66 -23 -41 -9 -20 11 74 23 -73 47 -99 5 100 -50 -88 18 46 32 76 -75 -56 82 -80 -58 -17 -94 -88 45 60
39 -42 12 9 -6 83 2 93 -56 -75 41 -35 -33 93 -95 67 72 -40 96 74 0 -16 -17 -77 -55 13 -41 33 46 32 -45 -96 -71 -32 100 -57 8 -89 21 38 -58 79 12 11 -34 40 -60 -76 -56 -44 -53 97 11 -19 -97 -65 100 76 -13 -46 -88 80 -20 -41 -13 88 -40 -91 -8 5 61 80 -12 11 -9 88 99 -58 -82 -17 -47 -93 45 -37 -3 35 -28 -61 -29 19 67 21 -75 -9 -57 -43 89 -89 7 -96
93 93 50 57 50 -67 -6 10 25 75 -11 62 64 -37 81 -25 56 46 -21 -44 -43 -44 -34 29 -94 99 82 22 80 -3 -47 19 67 39 -77 0 -51 -27 37 -39 -41 35 -98 -47 91 60 63 25 -34 -8 35 -8 -57 -53 38 -65 70 -70 -93 -58 -9 -47 92 30 -13 -77 77 29 -45 -11 -27 31 -4 98 32 -85 -59 -97 100 -57 -29 -28 55 40 -30 -78 87 -1 -50 -15 16 67 13 5 -88 65 -90 -70 41 31
-92 98 76 54 -22 -49 -33 9 -77 60 16 -21 -71 -96 -13 68 39 2 91 -36 -7 99 7 -50 -21 39 49 26 -81 -62 -15 26 94 0 26 -66 -21 89 62 -93 82 66 88 -29 -64 24 -96 62 55 58 19 25 -81 4 50 17 -89 0 -80 64 -53 11 35 47 54 50 -80 20 -76 0 76 85 9 91 -79 -25 45 75 43 64 -69 0 -93 28 65 -43 62 58 -89 61 6 77 -95 -81 14 -18 92 -19 -41 65
92 6 -55 -51 51 -7 32 -89 -34 19 -37 85 -34 -8 5 -79 3 80 1 -62 4 -94 2 -8 95 -55 -83 22 89 -100 -13 50 -64 -32 -100 65 60 87 69 100 -51 -35 -85 -14 78 24 -40 49 -8 -22 -75 5 -27 -26 -24 -96 -58 98 -40 -33 -11 -77 -21 -56 -33 73 62 78 -70 52 -100 92 4 6 21 84 33 21 -41 -20 -66 -58 -78 83 -72 41 97 26 -16 -62 -67 76 -94 77 98 18 -62 -23 -54 -20
58 -65 57 60 86 -76 72 -64 69 -5 37 -45 83 57 -27 73 -89 -27 32 -40 38 -1 -3 47 -99 -88 86 -58 34 -87 -68 35 11 5 16 54 75 -74 22 54 -92 35 50 -13 41 -22 22 19 20 16 37 8 -49 -99 83 -77 68 76 37 -86 64 79 -85 -91 -66 -47 41 -55 77 -88 29 -58 93 -21 -53 -96 -16 75 -68 50 -22 19 33 -24 21 37 -69 87 -7 18 -47 -27 38 -44 -76 8 -80 13 -20 61
-99 -85 89 -12 28 64 60 -95 0 -70 3 -34 36 -99 89 -19 -100 -91 3 27 71 93 -90 -93 73 -6 24 45 53 -72 -35 -82 2 -49 -65 -70 -18 -62 -49 -46 -23 -52 14 -78 -69 -89 33 -2 -76 17 -54 -54 -32 -3 10 9 77 -46 -24 60 -54 -40 -82 -65 10 -40 1 -33 -16 -70 21 72 90 30 73 -82 -59 -13 78 -70 -94 41 96 -75 91 70 -23 -83 58 32 -87 -87 -9 1 31 94 73 -83 -64 59
-52 24 -86 -60 98 -31 41 47 73 93 23 24 78 89 -34 -57 11 45 -62 94 -100 -33 58 28 34 -51 18 -24 -9 -26 43 -94 0 5 38 -22 94 -4 -38 -36 42 1 28 66 55 -39 88 -99 68 43 -56 -54 -99 -63 -66 18 -64 46 20 -55 -53 73 54 -77 3 34 -78 27 89 -33 -97 -9 38 96 29 6 -92 -14 -42 46 90 -39 -36 6 -74 79 56 -46 -85 -93 -89 84 39 23 6 60 -51 -61 -50 -99
82 -61 -9 -1 100 -10 -73 -49 -10 -43 63 66 -81 -12 -49 -35 -64 -8 30 27 -25 68 -79 40 -91 14 56 88 -55 99 19 78 -94 0 -81 15 -69 -7 85 39 -52 -88 97 4 -21 97 -95 28 44 -13 -7 -58 -11 -17 -78 68 48 -35 34 -91 87 34 63 -25 44 -100 -15 27 -58 98 -43 35 -16 96 -86 36 8 0 89 -82 -95 -85 56 69 70 62 42 -42 35 -22 -92 -25 -14 -96 -22 88 52 -86 33 -72
66 57 -94 37 90 -53 31 45 -48 77 10 50 -82 -83 -10 -46 81 -10 34 -89 21 50 47 18 -68 -7 52 46 15 32 6 -44 -98 -70 62 -52 -92 42 77 1 24 -83 22 28 52 27 -84 82 -64 -66 84 34 -56 83 52 28 26 25 68 -97 54 2 30 8 66 -2 81 15 -71 85 18 -47 5 -71 91 -35 -86 50 -78 81 20 83 67 -54 74 98 -2 19 18 13 85 -14 44 -35 3 79 69 -76 -75 44
-54 45 -65 -69 -47 -11 -52 -43 -1 91 72 36 -29 46 94 22 -43 11 74 45 -99 -46 87 -60 27 97 -6 -95 -25 -41 -1 -79 -76 93 -90 7 79 15 0 55 80 49 81 -12 -15 10 -39 2 -19 30 94 -38 -24 85 -94 12 70 26 -94 -98 -31 -15 -62 -97 19 80 5 22 69 12 -62 -91 44 -80 60 -79 98 54 44 26 -94 89 -23 -5 -66 81 -61 49 73 93 -38 91 48 94 57 13 71 -94 52 -77
85 70 -66 -12 5 14 10 -12 40 38 -16 -21 27 -27 -27 -7 -99 55 95 -91 44 36 27 -37 -82 -68 57 41 70 80 -27 38 16 53 -29 40 87 -64 64 -65 89 63 -24 -79 57 -28 95 34 24 78 -86 -66 -26 86 -41 32 45 -80 100 94 73 -87 22 -67 -35 51 -55 -70 2 -94 49 -99 65 -16 2 35 -98 4 41 76 -25 -36 -86 -59 85 49 5 -39 79 11 44 35 -62 -50 98 -82 75 -99 39 36
-15 13 13 -82 43 -2 -65 28 -11 -64 -53 77 -95 -73 24 -47 -97 -56 10 -50 84 -78 -46 41 -81 -53 28 -15 -80 50 -53 -91 85 68 98 30 30 47 -48 39 -34 55 1 73 -25 -55 -93 -82 -22 52 45 -68 -89 19 -34 45 5 70 -79 -15 92 29 -96 -64 62 -10 56 38 98 4 -26 66 -84 -18 -41 30 -27 84 -66 -54 72 -56 -36 -56 -43 -39 38 98 -86 73 67 6 20 82 -65 -1 21 -73 -35 46
-14 1 -66 39 -64 55 17 -71 -58 35 -55 70 57 76 -54 61 73 64 49 43 -45 -28 -73 -58 49 -92 -52 91 19 -72 -26 -42 -48 -50 -87 -17 26 -48 77 20 -85 -74 -92 62 82 28 -74 -94 -38 -9 -57 -19 -3 -7 -23 36 -34 -39 79 -12 46 -39 85 72 44 -54 40 12 -62 -79 -32 -75 -59 -81 92 2 35 -94 87 20 -42 -8 -40 64 86 86 89 7 -71 53 95 77 29 -5 33 17 62 -89 25 -87
57 73 88 68 56 7 84 23 80 5 80 82 -84 -95 -35 43 44 6 -67 47 42 -8 2 -84 -77 52 87 89 -95 98 -10 -37 1 -58 64 -59 54 -80 -65 -90 6 37 35 -53 -56 15 7 -40 5 -37 -39 84 1 22 54 41 90 21 -40 59 -71 38 -27 -52 83 35 68 -80 11 25 -30 -85 67 -50 -12 -28 38 -25 -39 -96 8 71 -93 -36 -9 -13 63 -42 36 -20 -59 -55 100 75 11 -59 -7 65 63 67
95 -82 51 -86 -21 43 -78 -40 33 33 -13 59 90 35 -98 -72 -88 40 -7 -93 -56 -24 -74 16 73 70 -35 54 39 97 20 -21 56 -70 -90 -51 -53 -18 86 -79 3 98 -12 -75 -53 94 39 -16 -5 -81 77 13 28 -6 -3 79 35 64 -67 46 13 77 -2 -4 -2 12 84 61 -23 81 -52 53 -22 -89 59 -22 71 77 -66 -45 63 -92 72 58 1 60 -39 10 -15 -23 59 -39 29 73 46 -95 48 42 8 -37
-77 -34 29 -69 -62 75 -12 -31 99 13 -73 34 -1 91 11 -43 -46 16 19 -50 8 97 39 -24 -4 -79 -86 -35 47 -57 29 71 55 -42 69 21 -24 57 -86 90 -13 -21 -54 -36 -46 -14 32 -84 77 10 50 -29 -84 -24 -9 94 82 -31 44 42 41 30 -80 3 89 12 16 43 -20 86 -66 -99 57 19 77 78 53 68 82 -94 100 8 -65 81 40 64 19 70 41 -52 52 -99 15 51 -77 -2 -53 -89 -63 -44
45 89 0 14 -48 1 -71 -84 9 88 17 45 -97 14 32 -67 94 33 24 -1 83 10 -67 -66 -39 28 -82 -57 -19 -82 -14 61 66 17 -73 93 -1 -91 86 -40 -54 -100 92 78 96 -7 96 -94 97 -57 -69 63 -48 -69 14 35 34 -77 56 -18 85 15 33 15 -92 65 -25 -61 50 37 7 4 31 21 -1 49 40 5 70 59 30 30 -16 -37 -55 37 42 7 -69 49 -60 98 6 2 -98 36 -8 68 -79 -69
91 -78 12 -95 -51 -77 95 -35 -60 -81 -48 -33 10 25 -69 -5 6 41 -6 -23 36 80 99 45 24 62 88 6 -43 -3 68 34 89 30 -48 -36 19 -69 -100 20 -17 66 -39 -94 -17 50 -59 67 53 43 -61 80 56 21 -7 70 25 24 69 91 -50 41 99 3 -2 58 -7 72 -29 -24 -96 55 -10 -62 12 -10 -77 62 -19 -15 84 -63 -12 87 23 -16 40 -95 -57 -82 -10 -42 99 70 74 -69 84 20 72 84
-19 32 -69 -8 -60 -4 38 -42 -78 97 -71 60 -23 -58 5 93 -90 88 85 13 36 -22 -42 90 -84 57 -44 26 0 -79 -5 12 -61 5 -37 19 -98 -79 -93 -85 97 -5 51 15 90 -12 4 43 84 -47 52 -60 52 79 -76 17 -20 76 -68 64 38 70 -17 34 29 76 -6 -33 38 -51 -47 21 -50 13 13 -69 25 -18 90 -10 -45 -67 86 -81 86 40 -72 -34 55 5 8 76 97 -32 72 -66 34 55 -15 95
-2 -8 -69 23 -83 93 -25 5 -6 -61 -61 -23 62 -6 90 -9 42 66 87 -58 -19 77 -26 57 92 -57 91 2 -25 -6 -56 -87 84 -88 -45 -76 -100 -33 62 -7 5 72 42 -88 66 -58 -20 -35 -44 95 54 41 -27 96 -100 75 -27 90 -57 85 1 -41 -98 30 26 -25 74 -83 -78 -4 94 61 -16 54 90 -12 -49 -59 27 23 -21 95 71 93 -89 79 -40 75 0 -48 77 77 16 -48 38 -67 -18 -72 84 -25
-35 -9 37 -70 -80 -82 -45 -21 72 19 2 -68 54 -25 -18 -31 -92 27 40 -64 -23 51 -97 -63 -71 66 92 44 78 -40 -62 -47 -61 93 -93 90 -6 62 78 -10 10 75 -14 62 17 48 -93 -28 -48 13 6 9 64 75 83 -86 20 -95 -14 -83 -89 31 6 85 -51 -4 16 29 -59 91 -41 49 99 -64 -16 -11 24 -49 67 -20 83 -78 31 -83 60 69 22 -66 -59 -59 -95 58 -11 -42 -32 90 -41 -52 44 -2
-11 -97 -40 -66 37 -79 -42 57 -17 -90 86 3 63 90 -50 78 12 -39 -11 21 41 59 77 -4 -88 -83 74 24 -42 1 -81 -79 100 33 89 -53 -9 10 91 92 14 -95 82 1 -85 -53 -4 77 1 -21 60 -11 -50 81 -8 29 -67 22 76 48 17 9 76 -72 -74 -52 -55 23 82 -58 -56 -6 75 46 -93 -60 -7 -56 70 58 20 -53 85 39 15 11 54 9 -53 38 50 59 -6 -17 -17 45 -89 -94 12 91
-77 -6 -87 -24 -1 24 -19 2 -26 14 22 49 50 69 -79 35 -2 -4 -1 53 -51 -63 -72 61 -12 95 75 19 100 75 44 71 41 14 -95 -88 -14 -27 15 -78 -17 -95 -39 72 2 -35 34 -60 -43 78 67 -39 -30 85 -35 77 65 -60 -21 -86 38 -73 5 -75 -92 -56 -81 -72 92 75 -34 -39 -84 50 95 -81 43 -95 87 63 88 41 -22 -68 -49 -58 53 -79 -8 15 -21 88 16 37 -5 4 83 15 72 72
-76 67 -22 -49 29 71 -95 -67 9 27 69 -56 81 -45 46 -41 -22 74 79 -40 -15 89 77 53 97 92 61 91 59 54 4 -16 -67 92 -86 72 -23 88 -76 36 44 -88 49 -1 -58 15 86 65 4 -76 97 -39 70 59 -89 -35 -81 10 58 -52 -69 -79 -53 -70 47 -7 -49 -22 -2 -22 61 -15 -47 50 28 5 -28 55 60 -56 96 87 -95 -22 83 -16 -65 -44 69 -93 8 59 69 51 -97 84 22 45 100 97
-94 -21 95 84 97 -74 -70 82 97 -66 -9 83 71 73 64 -7 -56 20 9 54 -60 9 85 -69 19 19 -92 -8 90 42 -26 76 -55 -44 79 66 24 99 -29 -71 -36 -55 26 -64 -77 -19 -21 4 -86 -84 -40 72 -99 30 82 71 49 52 40 -65 76 -13 5 10 -48 15 18 -70 47 -32 83 -100 18 -75 6 -98 48 -92 -40 46 -76 13 12 12 -24 -100 4 -98 -15 2 2 68 56 46 -68 12 -72 33 -63 -7
-65 -94 27 34 4 -23 -74 -28 -83 18 -13 4 53 -74 -30 22 -25 15 -98 40 -63 63 -8 29 39 4 96 -59 99 -25 -82 5 -55 -62 -11 -34 -47 -27 61 7 35 4 63 28 -73 29 -42 41 0 -74 -48 -8 -67 66 22 88 96 -30 30 -64 70 -41 35 -89 -65 -24 57 -70 -67 28 -73 71 59 98 -10 -32 22 -50 16 -93 71 93 61 -33 21 -12 58 -39 41 -8 -66 40 46 -98 -9 55 22 -66 87 -41
96 -32 28 -72 -75 82 -20 56 -21 64 3 -45 63 -91 45 1 13 0 -28 -45 2 16 43 -60 1 -59 -7 -32 -86 26 -91 -6 53 84 26 13 24 41 81 -26 -22 -2 -100 96 76 78 -15 78 38 56 -85 -14 100 -97 89 58 -47 33 59 26 82 53 -6 -87 78 -39 -49 -53 60 -91 23 56 -12 -90 95 -35 -30 1 -6 78 45 -90 59 19 26 -83 40 43 69 -75 2 -60 -33 24 88 -16 27 -95 61 27
98 5 -49 6 -96 69 -23 -26 87 -100 -64 24 -84 -47 -96 19 -45 -53 76 31 -95 -86 80 -60 -59 -58 -23 58 -61 20 -11 -83 11 28 62 19 -20 -44 -31 -80 -87 -10 -6 86 87 -35 -91 31 85 -49 15 -21 -10 29 36 7 -50 16 69 65 9 40 -31 -2 0 -82 52 -57 54 89 81 43 67 4 92 -61 77 69 -46 -79 -18 -51 28 -5 59 29 -70 -11 75 77 14 68 -81 -74 8 22 83 74 -23 -98
-86 6 29 -44 -23 -91 42 -61 78 92 40 -66 27 92 -83 24 58 -46 95 -85 60 19 71 21 -13 97 63 16 -4 41 -51 -19 31 -46 15 -90 5 42 16 -12 10 93 15 91 25 32 22 26 -8 -43 80 40 -95 50 15 -83 -12 -76 -74 31 -73 -53 -93 -65 -75 -69 34 -46 -99 -34 46 92 41 -92 29 18 20 -26 -68 -35 4 -52 -28 -1 86 33 -43 -2 26 73 92 71 27 100 -31 71 38 7 78 34
-79 -70 88 41 46 84 68 -39 46 29 -98 63 -29 42 -46 -46 11 -27 -43 5 -89 34 -39 -90 99 -68 -98 -97 -85 23 27 65 70 100 -90 17 68 -16 72 -41 -45 -18 -80 53 9 56 18 -59 -36 26 -65 95 88 -67 21 -55 28 63 -35 35 -47 76 3 -50 -9 50 20 30 66 57 -84 25 -16 44 -25 -83 32 39 44 -80 33 44 84 63 20 11 10 76 -17 32 29 -63 -62 42 59 38 67 76 1 14
-61 94 55 70 -8 -38 75 95 8 -89 -95 -53 90 -19 9 74 92 3 34 39 -67 4 94 61 -64 -77 47 -75 68 96 41 -77 98 -50 9 76 25 -78 67 -56 7 -65 59 -26 24 -9 -43 -25 -24 -71 86 -43 -5 7 -49 97 72 100 -52 -76 76 0 10 -89 23 44 -22 -65 46 13 51 -15 21 -29 -51 -28 69 28 50 97 44 64 -29 71 83 -53 40 -85 -16 70 36 -43 -82 48 -24 -19 -99 -59 60 47
88 84 1 -54 -75 73 -92 75 -49 14 -32 -45 22 56 39 -85 -93 94 22 91 31 -89 24 -10 -6 4 18 48 -39 -32 -61 -81 -4 -85 23 -5 74 86 -85 0 68 -44 3 -72 67 1 22 -29 94 93 -96 92 88 29 37 51 -12 17 -37 79 86 -90 -79 -64 60 34 -93 48 60 -30 -99 88 -52 67 -50 29 -37 58 -86 67 -78 -79 68 77 -7 80 83 87 2 81 -57 -99 -46 -75 12 -58 6 -83 26 51
-17 96 85 -69 -15 -86 30 -55 -16 -37 -60 22 15 55 86 48 -44 88 69 47 -66 99 83 76 -74 -33 -19 -39 -53 97 -51 48 -51 13 -93 -32 10 70 15 14 86 -59 72 -100 -23 14 98 -10 -35 -83 4 33 49 35 -44 -53 -35 -73 16 -92 3 -27 -66 0 -61 -81 -46 100 54 -66 53 -81 -16 -96 -11 69 55 -3 72 86 34 12 38 -13 -20 53 22 -3 46 -7 58 -39 9 -42 -85 -87 4 50 -64 -34
-7 15 80 93 -65 -41 2 -78 -29 -31 -100 -14 -67 -45 -65 -49 -23 55 99 -57 -92 -6 30 -56 -64 -90 7 19 -23 -1 -30 83 -17 19 61 69 43 77 79 97 -5 72 -67 46 -58 -55 -100 20 -15 54 -100 60 -32 -67 55 -61 24 6 84 -42 8 12 -67 -64 53 57 33 57 -48 16 97 -39 34 39 -94 18 64 81 60 -38 19 5 44 37 39 -99 48 12 2 75 58 -89 93 -7 62 77 32 55 -63 11
-85 91 77 11 40 53 38 97 65 -74 2 22 -43 -26 -81 -39 38 -56 -4 7 32 99 -64 -99 87 -64 47 14 -58 -82 12 95 51 -83 -67 5 -71 -39 -78 -10 -21 36 36 -39 -1 79 83 -23 80 62 61 -49 21 99 -75 -3 61 -6 -53 -74 -92 -65 -35 -20 -55 49 -83 27 -94 -94 6 92 -27 -7 59 -52 -84 46 74 60 -64 1 17 -63 71 27 46 -6 62 -73 15 18 -85 94 40 56 -9 78 41 65
42 -50 -8 56 -75 37 84 16 93 -53 -91 -17 -28 -19 -78 29 74 -16 97 -21 -19 -83 -18 -53 54 -32 -12 81 1 93 -98 44 -42 17 -15 -72 -21 -27 -56 -3 -14 -25 -71 23 -25 -29 35 -52 -18 67 -19 -67 -92 55 99 -42 -33 44 1 -41 -81 18 35 94 -94 72 49 89 3 -25 18 47 51 -72 -57 59 35 0 -58 71 -50 46 -82 -29 22 -74 -69 -66 -19 -83 -22 -68 -48 -12 99 -92 -75 -18 -85 -31
-38 -62 -7 48 81 -82 -31 -42 21 -71 69 -98 26 26 12 41 -38 -41 20 -85 70 23 -29 8 15 -97 -40 58 -11 0 51 14 -48 32 83 -7 18 -97 -33 -47 47 -80 -69 -58 -90 98 -60 93 10 73 -64 51 -4 -2 47 -4 -85 -62 44 -71 18 74 98 95 -31 79 74 52 -68 -11 58 44 -84 -1 -19 -68 60 75 -57 92 3 -98 80 -67 -98 -55 -67 14 -27 19 64 61 -98 -82 -20 88 -58 98 68 52
63 76 48 -63 -92 -65 -31 -43 77 -88 64 2 58 79 -70 8 74 49 80 -91 21 -34 -50 93 80 4 81 81 29 -85 78 91 87 37 52 -61 23 31 74 -92 -25 -7 29 84 -19 -29 -9 -69 -10 94 43 45 -36 -36 -45 -66 -40 -12 -6 -34 19 -50 -77 38 -20 79 -67 -34 -43 91 -12 -80 2 -36 -54 86 88 -38 69 82 -5 98 50 -21 72 97 67 99 -74 15 -63 -75 -17 -94 85 -8 -57 25 -34 -36
