100
68 -93 -7 -86 9 49 81 -6 -23 20 31 -26 23 64 -67 19 -26 17 -50 -66 -58 70 32 -36 35 66 63 56 90 15 64 -62 -66 4 -72 6 -6 21 35 82 78 -15 -86 95 -37 31 70 60 -78 33 93 29 -88 0 -62 98 51 72 -44 64 31 -77 98 -49 -22 11 -13 77 11 63 -22 64 84 -66 59 53 40 -56 32 -92 18 -75 47 9 -73 -58 48 1 -70 21 -95 91 -62 -84 31 70 -39 -90 48 59
-53 70 -11 50 -16 48 -22 -75 33 -95 19 -41 84 93 21 -70 -39 -74 64 -41 -18 50 68 92 67 1 -79 4 -94 -24 -51 -43 87 -95 58 94 -16 -98 -100 58 -76 83 39 -31 -51 25 -56 -59 -58 83 -28 -18 -77 83 -53 -55 -75 12 31 36 -76 5 41 53 8 -41 59 73 -53 -70 -1 89 -67 25 51 -98 55 -17 87 -68 -69 -33 40 -2 82 -35 71 -80 75 88 -73 -46 57 16 -92 -22 -100 -92 44 -79
-76 -66 64 9 -70 17 57 -55 54 70 34 96 58 20 42 -76 50 48 -63 35 -45 -78 42 84 40 -84 16 -64 35 72 -15 34 -80 49 -75 14 91 -8 -49 -71 -55 -38 92 63 80 79 -81 -36 -85 -76 -88 -46 45 -36 21 -42 39 -37 18 89 46 38 67 78 -1 21 -19 -82 -84 79 -60 84 90 35 -2 14 -56 90 -70 58 48 -91 30 30 40 -69 -42 -19 -97 -80 -59 -73 -61 18 -34 89 30 -84 83 -5
-89 52 92 -5 95 23 6 88 -82 90 13 -13 -36 -68 51 -78 -37 67 64 -58 97 26 65 2 -10 -43 -8 38 -42 38 -42 18 -38 31 32 -46 -9 -87 -82 25 -5 39 -21 16 24 -87 -11 -55 43 83 4 67 -82 -78 92 -59 66 5 -97 -9 57 69 -55 3 -98 -22 -54 -67 -26 -71 -87 89 21 66 -81 60 17 67 10 93 72 56 27 -80 -1 66 27 -79 -74 -33 -2 -12 -76 -64 -26 -76 -87 85 -97 -23
-5 -48 -80 33 -89 51 -55 -94 -12 -99 -8 -9 58 46 91 -79 70 19 0 23 -63 -44 13 -16 92 5 -33 69 78 -22 -11 95 -52 75 74 -98 47 -11 41 82 40 -72 -81 -27 -46 -48 -35 32 -42 -98 -1 -57 79 -9 -99 -62 -95 41 93 53 -10 31 -92 -54 67 -22 4 23 -47 -29 62 -79 -40 41 -35 57 -11 -95 -12 -79 61 -46 29 51 -86 -19 79 48 25 33 -51 3 -30 -77 19 -52 34 -82 30 62
93 -59 35 35 -27 62 57 87 -7 98 77 68 84 48 -93 -72 33 -44 -90 -59 -99 40 5 -94 22 8 -86 -84 22 93 -57 91 89 3 -47 -55 17 -62 8 16 -86 26 86 56 47 7 100 -74 12 -35 17 -25 75 31 44 -49 92 -99 -81 -68 -70 42 -95 -59 -3 -24 -87 13 -53 -62 -1 65 41 -94 37 56 54 -39 20 -63 -31 -34 2 78 -20 72 -19 -15 -67 27 20 70 82 -54 -46 44 -18 -84 -55 98
83 38 -13 33 -79 -80 -51 -5 85 -57 -2 10 -5 -69 52 11 -51 76 -93 95 -72 -15 15 49 14 -20 -56 89 -33 -2 23 14 -76 68 25 85 -9 60 -99 34 -85 -62 98 39 37 -85 -55 -100 82 -29 -47 88 -33 35 83 96 -22 73 73 -48 -54 80 5 86 30 -58 88 -66 20 42 -21 -19 -59 97 80 -9 -14 63 -32 62 58 69 -3 63 -34 88 -87 -100 -54 95 98 71 -32 22 -62 70 -41 99 90 -76
92 -38 12 68 -79 -30 28 78 -50 97 -50 96 20 78 75 25 -92 81 94 -24 -90 -17 15 -13 22 60 19 -24 -71 -52 66 -63 49 -35 91 -39 -72 -53 -23 53 13 -25 -81 81 87 -56 25 -90 26 -100 53 18 -94 -76 70 68 -14 -75 -24 64 69 62 -61 -35 -47 -85 -30 86 -45 -47 -94 89 -88 -20 35 75 5 -53 -29 -18 -35 -8 87 -60 -4 -43 97 1 16 81 59 -14 -41 65 10 -77 36 -35 -99 -3
16 -47 -9 -6 -86 -5 -71 -46 -27 23 -84 -94 -42 -91 60 14 76 5 63 -78 -73 59 74 99 16 43 94 8 -56 -4 -19 0 36 90 -96 17 85 1 -98 23 17 -4 69 6 48 2 37 -72 -7 47 -3 19 -18 -28 -20 -27 97 7 -54 13 55 35 84 56 -11 -81 -53 -88 -78 -23 -54 -48 22 -99 85 -72 -6 95 -28 -46 53 2 -75 77 41 -63 -22 -83 -59 -26 -74 -49 29 31 28 -33 -21 -28 -6 22
-14 -25 -66 64 80 7 -19 61 -80 99 9 -31 86 -65 -32 23 84 -64 -42 10 93 6 -29 -79 73 60 85 -70 -57 -79 -3 -84 -77 23 67 -78 81 11 -7 18 27 100 80 30 -15 -44 3 72 -53 -82 7 -2 -77 -46 -100 -82 64 59 13 100 62 71 91 -19 80 -6 -17 -43 -99 -55 -15 -57 39 34 -85 -22 -59 -15 45 -93 -50 -99 32 23 -31 15 -34 73 -81 95 -34 -29 -10 -21 -84 -65 55 58 -40 86
-60 93 17 94 -8 -60 37 -45 -100 -33 78 29 -54 -53 -99 96 -69 -76 15 57 32 -70 -24 63 -78 -27 -59 -54 -51 41 92 26 -47 97 -2 -78 -80 -54 30 -14 -31 38 49 28 28 84 94 -46 15 80 -37 8 77 -6 94 92 -9 -12 -18 -2 -9 -96 87 16 19 47 -17 97 60 4 -92 31 -5 91 -95 -28 22 60 28 81 -71 -65 -77 10 84 93 95 -57 -12 -77 16 93 -48 94 24 36 -8 16 43 -84
-91 -37 42 -74 68 -56 4 -19 -53 13 -45 82 39 -39 -57 76 -37 -71 88 8 -52 -20 83 53 -75 -20 40 -70 38 -63 -2 58 69 45 -7 87 -10 -68 48 -40 79 63 58 -90 -36 35 -81 65 -16 78 93 22 -80 32 -30 -2 27 72 79 36 -12 89 24 92 69 -76 49 89 -79 -46 78 75 -62 -81 -94 85 100 56 -53 4 -39 49 57 97 43 56 30 48 -39 70 -41 11 -76 -15 -84 -73 -85 -54 -60 -45
81 -4 81 34 30 -39 -73 -67 96 -78 -78 73 -79 -49 -42 100 -14 50 -59 43 -83 -95 -32 83 -21 -6 4 -84 6 -14 9 -64 72 -39 26 -6 71 -10 -49 35 -37 -93 -22 80 -16 100 -52 -7 -81 91 -33 47 -1 -30 67 15 -37 -50 54 25 45 -62 74 22 79 -25 -68 3 -27 43 79 -12 -86 63 -9 -33 -41 -26 -73 30 -89 53 99 -5 -67 -32 29 -62 -4 -27 -27 -39 89 -97 -98 87 -44 42 -37 17
68 28 83 83 -38 -18 34 -12 4 68 -21 -63 -89 85 -6 2 43 13 -13 -97 -70 8 74 8 13 -65 8 -83 9 -99 58 23 9 -82 -3 -24 -7 72 -91 95 79 -72 92 -95 96 29 87 76 -81 67 -72 -52 97 19 85 -54 -54 81 -13 58 12 59 -81 -95 19 -44 -56 24 69 -75 58 35 75 0 -84 31 77 30 -50 -35 -30 5 78 10 13 72 48 -13 -44 72 -2 82 -55 -97 60 5 99 61 -29 88
51 83 4 -38 -84 -87 68 -72 -13 -56 -25 50 -80 76 55 -52 43 -5 -71 48 60 -87 97 -42 -24 21 -45 -17 -66 -60 62 -12 -73 86 -4 59 8 32 -77 -74 56 63 -70 69 61 97 5 11 68 -24 -55 -81 79 -37 75 -48 71 -12 38 1 9 -61 -69 64 -56 94 87 90 -43 39 -53 -36 -46 -17 69 77 0 -24 23 74 18 -24 70 -36 95 82 73 94 -24 -90 7 61 26 -48 -30 -49 85 -51 -80 -55
-35 -59 -32 51 -59 -83 50 15 -24 11 93 -78 15 -90 27 -85 44 -38 57 -68 36 6 -76 -88 -26 -97 99 -23 -87 36 49 20 47 -36 -55 -70 -66 -77 93 -34 96 51 65 -46 -2 -9 -88 -83 -50 -19 -39 30 55 -32 26 99 61 89 -26 -61 -14 18 -58 -46 34 64 23 -100 -35 7 -38 -83 20 -100 35 -58 88 -93 -46 -88 -63 61 27 -26 71 -42 -11 -54 52 87 12 -49 -13 86 -42 71 78 -61 -29 69
1 -21 28 85 -78 -13 9 -13 -40 -57 -12 15 -59 -29 14 24 -62 54 -21 84 39 28 45 53 29 79 1 -67 -41 72 -53 12 35 -21 100 38 38 20 -76 -80 44 81 1 48 -8 -80 -15 5 -52 -26 37 86 -49 39 67 -2 92 -53 -98 -9 -60 94 57 -16 16 70 33 4 88 85 -85 42 63 -90 82 58 99 5 81 -29 -57 -24 14 -83 0 74 63 93 -87 -84 -70 -24 -10 -50 -56 -4 -44 25 87 46
-56 94 -71 17 22 -31 84 41 -18 -54 -16 78 52 98 -56 79 31 -80 -28 74 -35 -10 6 47 95 -12 56 84 88 94 80 -64 -55 93 -78 -56 -43 11 30 -34 60 -74 63 10 20 15 2 -38 83 -44 -28 -47 91 88 86 -99 96 -72 54 -46 81 -25 96 -15 23 5 25 -70 48 -45 -14 -61 95 -36 24 -64 -9 -41 -24 79 -11 -100 -82 -73 63 -37 -28 1 -9 13 -65 62 38 -41 -57 -75 43 -32 20 85
97 30 45 -42 -9 -94 37 49 -63 -84 -37 45 21 18 61 -86 -7 -72 -18 44 -18 100 -87 4 79 7 -50 -41 -32 61 40 28 24 15 -31 54 -5 86 58 43 29 -44 -77 89 5 18 55 23 25 -78 61 20 -37 52 -12 6 48 66 -8 13 92 84 -48 71 -84 19 80 -7 -78 -68 70 14 -4 -51 -74 -86 25 -6 -52 7 -34 0 -71 -96 -84 47 96 57 96 -61 -36 -62 -46 48 -28 -52 -97 -40 92 79
-88 77 97 -26 8 -57 -61 69 43 36 75 65 -73 79 -25 -79 -49 79 -17 86 1 7 76 -89 -84 -50 -28 -38 88 63 -22 -30 88 -2 -25 0 -81 30 -70 -95 18 15 55 -64 -61 46 -27 -61 -2 19 46 -96 -28 7 -15 -67 41 25 -33 -77 -82 -49 66 1 15 -80 42 -60 98 21 -18 -40 79 97 45 100 80 83 33 47 -61 61 75 -80 -49 87 96 14 -16 0 -66 -97 -100 -67 74 -23 -45 94 -54 -22
-4 -65 -88 -23 76 28 -100 12 -63 -87 66 -61 -98 32 -9 -66 -75 64 -66 -67 -21 22 -37 -91 -18 -17 9 76 -18 32 98 -46 21 61 28 -65 58 70 5 -24 -39 89 -27 78 -77 -11 80 75 -43 -75 -8 14 91 -60 83 -33 18 92 -9 -57 -34 -97 -20 20 -65 -50 32 29 -33 -25 32 -37 85 -53 -67 1 91 15 22 -10 -61 -98 81 52 3 -87 73 -23 62 -5 15 41 52 -84 12 6 32 78 -95 -100
-57 87 -50 23 2 -75 17 21 -81 -14 -82 -47 90 18 63 -13 55 -95 52 -15 -74 13 -57 30 -1 -4 -84 -24 76 88 71 86 66 55 10 78 72 2 -8 -22 59 -16 -18 89 32 -94 24 79 -76 97 -27 35 15 36 47 70 16 63 -84 14 47 -80 60 80 -26 -46 -34 100 22 -85 -5 95 48 -27 -41 58 -32 77 41 78 -84 67 24 -35 55 -3 -94 -35 -54 3 79 -30 -19 -58 -5 -97 32 -35 54 19
-11 -78 83 72 -43 66 -19 57 -8 85 -4 62 46 -61 65 -68 -36 22 59 -34 70 -37 40 78 -23 -24 -55 -41 26 -63 -19 29 36 51 -56 -12 -22 42 87 -41 49 11 -29 -66 56 -23 75 -57 -34 -33 95 59 -34 -42 -93 83 -29 -27 -63 -72 -12 29 62 -71 95 19 90 24 20 98 -58 5 -44 25 15 32 8 -67 35 69 16 -92 -78 -46 22 22 54 -15 99 -30 -61 -40 -59 93 27 7 -18 70 1 -78
39 50 -2 -61 90 -78 -70 21 -83 -94 -18 -24 -12 88 -90 42 24 -84 -65 62 -8 -3 28 7 23 -54 51 -58 74 32 -11 79 -95 -91 -50 78 15 51 45 19 -75 -81 78 -89 7 -7 -46 40 -46 96 79 46 -94 15 -21 95 -8 -86 -35 -35 12 -85 0 81 -18 27 -58 14 -96 -56 73 -24 49 -71 60 79 60 -52 91 94 -65 -29 68 -2 23 73 100 35 15 -43 39 75 -32 -48 -49 -26 81 12 -77 22
3 21 78 -2 1 1 -98 18 -94 -14 -55 44 1 64 -78 -52 -11 -78 -62 -85 91 55 61 -6 -56 -38 63 -4 -47 -15 73 -38 -1 25 -32 -22 25 -18 27 -38 87 -75 36 -33 -66 19 -42 39 1 45 -21 -71 72 15 -44 -76 94 -85 -25 -88 -42 22 54 64 39 19 65 -54 14 88 78 42 -44 -53 -73 -94 -99 38 27 83 36 -35 -28 -78 -52 48 62 -17 76 91 78 28 -67 -54 66 -73 -3 37 90 -73
-7 -3 22 30 71 -1 -63 -18 -29 -1 43 -15 -38 -21 -35 -61 -18 67 17 58 -85 92 -15 72 -4 87 61 77 -49 40 22 92 4 -17 -31 -43 99 -68 -58 64 -64 -84 17 99 57 -58 -34 -58 31 79 -91 -18 56 -84 -87 83 8 53 -42 -32 -49 62 97 -51 55 -7 -72 36 88 3 9 -78 59 30 -81 48 16 -53 86 -77 -47 63 -28 14 -19 -8 17 -83 -19 21 -57 67 71 1 70 12 -91 -33 -93 -7
-42 -77 -62 -64 66 -36 32 66 96 -82 -37 -5 -42 -25 -12 2 34 -89 -1 86 -26 53 -81 -93 0 65 -34 -79 -41 2 -96 40 85 -73 -79 -5 59 -93 28 29 3 56 -44 69 -95 -22 -60 80 -45 -22 41 -61 86 -94 45 -41 -63 -85 45 -49 -22 84 -95 -40 -67 -64 75 -72 -53 40 -70 -73 8 60 100 35 -98 25 46 80 32 -45 25 10 -54 62 -10 -5 83 -67 -66 -26 46 75 61 -86 8 -35 18 -46
-100 2 -88 -51 -53 31 34 -9 -70 94 15 -87 71 -26 -20 7 45 -93 -4 -65 -10 17 -36 4 50 77 -36 -87 -81 97 -93 97 22 -44 -18 25 78 -40 -39 -58 70 -71 -93 50 4 -47 -89 -31 59 -73 -89 -32 33 -62 -87 21 -46 -62 -41 -87 88 42 -34 50 -47 -20 -85 -12 -5 -46 -30 14 2 -59 54 -37 26 -45 98 65 90 16 24 38 44 -40 -61 -46 61 -97 69 33 -53 -10 20 10 18 -96 80 1
-94 -90 57 -91 -22 -89 63 84 -62 30 95 9 55 -41 -97 -33 4 24 83 -57 -49 58 51 98 86 -23 32 48 51 14 62 -49 -69 61 -12 -30 -74 90 27 -75 -2 -15 9 39 70 86 -88 74 -65 -51 -24 -37 -3 21 -64 -5 -23 -80 21 35 82 44 76 -90 35 -58 -79 81 -68 -58 -82 -59 67 80 48 -64 55 92 -14 48 95 8 94 -30 11 15 61 18 78 -19 64 34 97 99 9 -33 28 -84 55 -73
52 42 35 -91 -21 -10 -59 -14 -80 18 -42 81 -67 6 -37 5 21 -5 59 25 -87 9 68 -25 -86 96 -32 5 -57 81 96 -89 -100 -37 -34 79 57 -4 43 73 -42 -84 19 -65 -99 -4 5 -8 -13 76 -76 90 -11 11 7 60 -38 42 -89 13 -9 12 39 37 7 26 -15 27 37 66 -57 -49 -74 -25 -49 -29 -11 -91 -94 -15 10 90 -25 9 94 -66 27 87 61 -16 84 -2 21 68 -62 -72 -75 -47 -90 -32
64 -10 71 72 -28 -84 24 6 -10 -53 -82 15 -97 83 5 -70 8 -18 -48 0 -8 45 -77 42 43 100 99 21 -88 11 -33 -3 32 -62 74 79 12 -43 88 -73 60 -13 -39 -58 -67 -1 -94 47 -71 33 -79 65 47 44 -68 -25 36 -21 -31 -70 77 -11 16 -57 -87 38 -73 20 -100 30 -44 26 -86 31 -27 -16 49 -89 -27 -22 50 46 -52 -61 80 -65 86 80 -52 -99 17 -29 -34 -32 52 -47 -69 -78 -49 41
32 41 51 -40 -79 33 26 29 68 -77 30 -66 30 56 -11 5 -4 -35 26 14 56 -60 -50 -92 -87 -14 -22 60 -67 -3 43 30 -64 -97 -13 42 -86 -43 10 16 39 -14 -45 96 -77 -48 89 70 -27 -77 -33 23 99 94 18 -49 -14 86 70 84 -12 77 64 -32 27 69 -84 82 97 -27 -43 -9 63 -71 72 92 -83 72 14 -47 6 -46 -73 1 29 84 -59 -67 -100 -41 28 -22 -12 -56 69 33 31 -71 -39 85
12 -31 -91 10 -63 -11 -32 -64 36 -90 -45 12 24 -66 -47 -82 62 73 35 -30 67 -33 -55 -78 26 -61 -58 23 40 -89 -72 -36 17 80 18 86 56 47 32 39 91 54 -75 72 -53 -48 -67 -68 -40 53 -57 -42 64 60 55 77 -85 36 52 -29 69 61 44 -13 15 57 -22 -23 -10 50 30 88 -7 -70 -79 59 24 60 16 47 -1 -90 -42 -44 99 18 -25 -7 -82 -85 -34 -14 -91 -99 16 -15 87 -92 -32 -64
17 -48 21 73 25 84 -34 65 -40 -87 -6 88 31 -15 -92 -47 12 -32 19 7 -20 80 7 -66 -68 72 -83 24 27 -43 23 -41 -45 -25 37 54 -37 -3 77 -25 -54 36 33 -4 -20 29 -26 44 -68 46 -17 -73 -23 -8 29 -11 100 66 -100 -51 66 -7 49 62 10 43 16 6 -12 -95 -64 55 -26 -61 -57 51 75 70 -10 -46 69 100 25 -57 -95 -49 32 25 -8 -25 17 60 -22 91 58 90 33 -14 87 9
-6 36 71 -83 -7 99 49 -8 40 -87 -88 -60 -100 -71 -43 46 -12 68 -83 -88 88 18 50 -35 41 -83 26 -78 -14 -22 2 -12 -87 45 -72 5 -9 65 -32 -30 14 28 -37 -47 60 92 19 13 -70 64 -59 81 21 -1 -73 -89 65 -69 -20 -11 -35 66 85 90 2 51 -53 51 -55 71 -50 -30 -56 93 -95 14 97 -4 73 73 81 14 56 63 -51 -79 96 29 23 20 7 33 27 -78 -33 5 84 -9 63 36
-31 -58 -32 -15 -57 49 -3 -49 -5 9 -98 -7 -54 52 -33 37 59 -64 76 6 -47 -91 -29 84 96 -42 -94 15 -79 -10 -100 -90 -82 89 -25 35 -64 14 87 93 3 -77 22 39 -48 8 38 -50 -23 45 88 52 23 24 -31 -67 -92 98 61 78 93 -34 97 18 -61 39 85 -25 -63 40 -82 20 30 -84 -99 -4 40 97 18 75 -82 78 64 26 46 35 11 -52 -68 77 73 56 -18 -49 -41 -68 -16 83 25 51
52 91 -6 34 5 30 -24 -88 -37 59 28 55 20 -1 -35 -97 -62 68 -26 54 -62 -50 92 -79 -87 -23 -53 -12 5 -33 90 78 94 -45 1 100 -86 33 -34 -53 23 51 -90 -73 54 61 17 -49 -31 -45 -9 -73 -100 -42 -9 44 11 -51 10 -40 -22 -59 -68 80 -73 -86 13 19 -35 41 -26 88 -48 20 -99 44 -88 5 -34 -22 38 -18 -93 14 96 92 48 16 56 -60 40 58 -88 45 -50 73 63 -32 -90 -22
-78 18 -76 97 -59 -84 -5 43 -22 -37 6 -4 -30 -52 -17 -56 90 -61 53 70 53 86 18 -48 29 -45 -49 -95 -18 -89 -100 67 -43 -64 -81 27 -6 -100 -63 -74 46 -19 -32 66 86 22 -75 67 23 78 99 -23 36 40 56 7 -21 -77 -26 7 98 -2 42 -65 61 -61 -65 -73 -73 97 -20 -89 -52 30 36 35 94 80 74 6 -37 -1 -58 68 -8 2 -87 6 -89 -76 38 -34 -22 72 63 17 40 -47 13 80
72 44 -23 100 -99 -61 77 41 74 -72 55 -52 14 -40 -47 9 -53 -44 49 65 -36 47 84 95 -30 -68 97 -15 43 2 -98 -87 56 -2 54 -25 -30 62 -89 -7 -98 46 35 31 89 -71 -59 -58 -91 54 86 41 11 -39 -17 47 -41 -22 -13 32 49 90 9 -62 -92 98 -91 -35 40 28 51 69 -53 -75 -89 55 -91 -90 -18 65 -24 48 -92 -16 -47 44 51 -84 94 77 61 -30 42 1 -22 -24 29 81 -65 -5
94 -89 99 -83 -5 -38 -35 81 89 -9 84 15 -58 36 -10 -65 68 -54 100 -88 65 8 -79 -84 -73 -95 -47 20 -52 64 21 2 -71 34 55 69 15 60 -16 33 33 -96 7 -78 -37 53 -65 32 -68 82 -90 68 68 35 73 51 77 0 18 21 -81 40 -94 27 2 21 -10 -84 94 -35 -18 98 19 48 20 -70 98 72 8 -52 30 15 -81 49 -93 -68 62 -89 -42 71 55 -77 -27 100 -16 -5 26 -94 -19 63
-100 -84 -51 97 1 -79 -8 91 9 56 -97 -26 23 -3 6 -16 -67 32 95 33 1 23 -19 -75 89 76 -25 -16 -7 61 -37 -47 19 78 21 52 97 -59 -95 -11 80 -77 -59 -60 88 84 -52 -63 -49 -60 -88 -69 -64 82 28 -70 39 -92 29 -5 94 -79 -82 -45 7 82 -82 -53 14 -83 58 92 -69 80 -48 -75 52 87 100 -79 62 40 68 -33 28 59 25 64 36 45 -32 -74 -88 -44 -43 -30 -89 -41 25 -9
98 56 21 13 29 14 -33 85 54 -88 23 -51 41 21 48 -48 30 -51 62 54 -72 96 41 -58 -93 -83 -1 -51 87 70 -25 -4 83 -20 -55 -21 -10 -58 4 70 20 -26 -45 -64 -96 -93 92 55 62 89 55 -45 -2 91 -83 -50 -5 -24 -49 -100 61 2 -33 68 7 87 31 82 -59 83 91 23 2 -48 -60 63 17 24 -61 61 18 64 78 -63 -38 59 -6 87 -44 -1 -85 -52 23 -25 52 -98 -86 85 -44 -75
76 -10 -50 87 17 68 -34 -42 -73 -17 58 -54 52 -53 -47 -33 -15 11 -34 -63 97 21 -60 86 98 42 16 55 -83 -57 -12 -32 74 81 87 99 18 -81 -16 53 45 -50 -26 60 10 -18 57 92 16 -51 82 40 -50 -74 -94 -32 2 -73 93 11 79 20 -92 -75 87 -73 -31 -53 -88 -52 24 80 16 -52 -100 21 56 -80 -34 -89 -92 9 -100 89 -85 -75 80 4 -84 0 -75 -33 -84 -92 -18 53 15 -60 32 85
20 -5 95 41 -7 -50 -13 -29 -37 -33 -5 24 15 24 -90 -76 30 -27 18 -27 5 -44 86 40 71 -9 -22 -7 2 15 94 -76 97 5 90 49 19 10 -96 -80 -36 12 -60 68 -6 96 -11 75 -98 -31 80 79 7 -57 -28 75 26 -83 26 -4 81 -47 0 25 -25 -26 3 -12 29 73 7 -46 8 -32 -91 66 -87 -13 -65 12 -25 -38 2 -40 -21 30 2 68 29 -66 35 -86 -30 56 -55 -11 64 -19 51 48
-42 6 30 -80 -21 -38 -78 40 34 12 47 94 3 -75 -13 -43 71 28 -8 33 -3 -42 -35 -10 -8 93 34 11 27 90 38 -13 42 -22 94 -2 -62 -91 33 83 -30 22 -64 60 52 49 27 -31 74 70 -26 -32 -97 97 -74 -82 -38 -83 26 -70 13 -32 -13 38 -30 37 3 42 -95 -14 59 -73 -26 -39 -38 -66 16 23 80 18 -85 14 -72 43 -40 -90 3 31 -90 -59 46 -57 -79 22 -2 98 -13 29 83 -88
-40 -89 -5 -24 91 -49 -88 60 67 74 -34 43 46 -12 35 44 -80 32 -61 7 51 10 -49 -24 63 99 9 34 92 -93 86 -29 4 -5 -63 -12 -92 91 80 17 -28 -85 -2 -28 -97 55 -55 -78 19 -9 6 2 24 85 -99 -20 -5 -11 -64 43 -32 -77 -29 -10 16 -63 -97 47 -70 -5 -32 -88 58 -41 -38 72 -80 -69 -15 -42 -57 -97 50 -49 -41 -59 10 31 61 -41 79 -32 30 -89 20 84 -60 69 4 -43
-63 17 41 62 -25 48 50 46 60 -57 -14 36 -89 -55 -35 -39 -92 42 -58 -69 -48 -3 39 -67 98 -1 2 -62 38 68 -60 8 -51 20 77 -8 14 -100 24 -90 -37 -42 3 -35 -88 24 -30 -23 -43 -96 -55 95 18 47 9 85 -4 -47 9 -16 93 89 -14 -47 -27 -62 -14 82 23 65 -81 31 -57 -55 62 -34 -93 -96 -63 -45 82 -97 15 -7 100 -61 27 49 7 -77 79 3 -66 -58 -11 -95 -74 -29 75 99
20 87 -14 31 -27 39 -87 42 -82 -44 41 -75 -19 -6 -31 -43 7 -15 54 0 -12 42 -77 -67 49 -48 92 29 45 -69 81 43 -76 -15 81 40 -50 50 73 -96 96 -44 41 79 -58 -31 -50 58 -92 16 -98 -92 30 -29 15 -86 86 -59 64 21 -45 75 47 -87 -53 30 40 -46 -89 31 49 51 52 -91 71 -36 -71 -81 75 -17 45 4 -74 50 90 -40 -68 -30 90 88 8 35 -44 -82 48 40 -42 69 -100 -22
-30 -20 -55 90 -47 -66 59 60 -96 -81 79 5 32 -9 -45 66 26 10 36 25 49 -11 -8 54 -26 -46 -25 -47 -45 99 28 -16 93 -83 16 -21 -36 77 68 -94 91 -17 76 -21 3 -13 -77 98 -14 -74 -22 27 -35 36 -15 30 66 -5 -31 -77 -28 51 74 -83 31 25 34 -24 68 28 48 30 -26 58 54 13 23 -12 14 58 -88 47 -48 -21 64 8 97 -64 -17 88 16 -45 52 29 -41 16 -68 75 54 41
-42 94 -29 -54 -79 38 47 53 -58 -39 -7 -92 48 -58 80 -48 93 -38 66 -86 -53 36 74 35 -44 -12 -58 -33 -61 -41 15 -34 -88 0 56 -76 -79 50 68 63 -28 -40 -7 53 -90 21 -11 3 80 11 -83 -81 99 52 -9 73 -33 8 -21 -20 69 53 -55 -77 90 8 72 0 31 -41 11 96 30 75 91 -23 -46 -90 45 -61 23 -96 -61 -66 -87 5 -74 94 -55 -53 -40 12 -82 -70 -39 30 -74 -64 -1 28
4 -72 -67 22 -69 47 48 65 80 22 -33 -31 -17 -42 -53 6 85 37 42 96 52 1 -66 -81 -98 24 -71 71 -84 -53 -19 38 -30 -29 -34 14 95 -92 26 -29 -64 75 14 -73 48 -92 -24 50 -8 -2 46 62 88 52 -85 -100 -59 53 99 -21 4 -57 76 43 -67 -79 43 66 69 -78 -67 -87 70 -11 91 -92 -40 -55 49 40 -75 33 -58 60 16 -41 -50 33 -36 73 -39 95 54 40 44 -96 92 13 -59 -68
-44 35 88 86 60 -21 25 -59 54 20 20 -7 1 -36 -66 82 -87 -49 64 80 -65 92 62 -49 -60 27 -75 -12 -14 39 13 -73 27 -50 87 47 -20 76 24 -48 -68 18 28 -93 0 4 -8 5 -91 -23 85 62 -73 -46 84 46 -8 7 -24 92 30 -5 78 -97 4 26 -15 -6 4 34 -26 13 -44 53 63 41 -78 58 -63 28 -48 -84 20 -9 -57 -79 88 34 15 -14 55 -91 -44 46 8 -85 -87 14 -29 70
25 48 -25 -60 -50 -12 55 80 18 94 81 -30 71 55 -14 24 -27 67 3 -10 68 -67 1 -60 -28 -79 36 -36 -81 -25 -50 36 -14 67 72 38 14 93 -51 -50 -86 -57 95 58 15 29 -22 -46 14 17 -51 19 64 -49 38 -16 -20 -5 40 -92 -39 -15 -15 45 44 -58 49 21 -72 -8 12 -18 -36 59 -70 -69 -21 94 -49 66 11 -63 6 65 29 7 -93 -2 -90 -62 26 21 -73 63 100 86 16 14 44 -48
-38 31 -100 18 -34 -9 71 -99 -17 41 -24 99 -78 -26 -68 22 -54 -26 -64 92 -84 -85 -15 -48 14 -75 -23 15 89 91 35 -12 -51 -18 44 38 -74 -40 43 77 -87 -24 -19 -91 12 79 -38 -44 -17 19 -51 -1 -87 55 -68 43 61 89 -83 89 1 -80 -78 -88 19 10 58 -13 -25 3 44 -32 8 67 31 -38 21 -89 68 -6 -43 24 -29 -97 -5 97 -67 -21 43 83 -59 -83 -70 34 -58 75 -25 -89 84 75
89 88 -86 -50 -85 66 19 -40 66 77 -91 61 -47 -84 -30 -12 17 52 -100 7 71 61 34 37 1 16 57 -31 22 -4 60 55 -7 41 49 23 82 20 -8 38 -46 -19 39 -85 -66 73 0 -40 66 -94 78 81 94 33 37 50 -60 -29 61 -86 100 3 -77 36 80 -49 -99 -24 -24 26 -73 70 -45 -84 29 97 74 54 -13 55 12 80 -39 74 91 76 -17 7 -64 -83 78 52 38 -76 19 -2 10 -2 -6 -36
8 -19 28 48 -63 31 -69 54 54 96 -4 -23 21 53 94 68 -70 59 -63 45 -66 47 -54 12 62 44 13 -17 -88 23 -13 43 -96 93 26 86 29 -87 4 -53 23 -100 -70 -78 0 70 -34 -40 -7 -46 89 -12 56 82 -21 47 42 61 -35 -63 -22 -36 -2 -98 -4 99 63 -67 57 -85 47 -28 -32 47 70 -85 82 -62 -10 32 17 -66 37 -95 -18 -43 -87 -58 80 -18 95 -73 -37 33 -5 -71 -69 33 -64 64
-57 -46 3 -43 97 72 18 48 21 6 -35 89 21 -36 -42 45 -15 33 -45 -22 -28 -70 77 88 -40 -72 -52 -24 13 50 46 -42 28 -7 -2 45 -27 9 48 -1 25 66 -93 51 21 78 -27 34 44 28 60 -54 -35 54 38 -74 -75 -17 -25 19 -42 -54 -82 13 50 -4 -66 59 -66 24 -92 -77 -96 35 -61 24 8 -58 -1 87 18 -9 -40 37 45 28 -75 -86 49 13 -1 61 -58 39 14 -88 2 66 -41 -89
46 -7 55 -24 44 2 87 -71 96 42 83 19 -68 68 74 21 -75 -45 -48 97 -31 -37 59 -49 -34 -25 83 79 64 -69 93 67 86 -69 -26 -29 -39 44 32 15 -33 26 -6 -71 53 26 -26 -66 -29 66 -63 -35 -20 -42 48 -75 -63 28 -64 53 -69 -40 42 -45 -24 71 94 26 -94 98 -87 73 -82 37 -93 11 -93 37 -79 -76 96 -80 14 -57 91 45 -23 -56 -61 -59 85 33 50 8 99 -92 44 6 72 -8
42 -57 9 -29 41 21 38 -76 9 -42 -2 -39 -24 -19 -72 9 -14 74 -1 1 -8 74 -90 -22 -92 24 -29 69 88 46 57 96 -59 35 -23 44 -55 -88 -55 34 27 -24 5 -99 18 -45 63 98 -42 14 1 60 13 -2 -83 65 -5 -3 86 51 11 -67 76 76 -44 94 -51 -93 -90 -32 79 -26 42 -78 -56 -42 88 -78 -46 91 38 -63 48 53 -45 5 -40 61 38 5 43 -58 -97 -74 -36 80 81 65 -36 -47
87 -34 -53 -91 70 75 55 80 67 64 82 47 -12 22 -94 -48 -31 -82 -23 -65 66 79 33 96 -46 -37 15 98 -83 90 -8 -47 -21 -67 79 27 80 -23 -17 -79 -65 -59 -6 -33 -7 -58 -6 75 40 -73 -3 -58 -77 72 82 64 -29 51 -65 52 -97 83 31 34 92 58 98 15 82 -93 -89 61 -72 -84 80 -94 77 -96 -29 -47 -70 93 -81 -86 71 -44 -29 67 -49 -12 -99 -89 4 -53 -49 -43 -5 -51 83 58
-32 28 74 -91 -24 -97 77 -20 39 -97 85 -26 100 -45 -88 44 -53 -87 -12 63 56 -47 -69 -36 -3 -23 95 93 -97 23 29 66 -21 77 -8 77 -14 -7 -47 -48 -97 -62 -77 79 90 13 73 73 -3 -87 -87 27 -70 76 -84 -8 75 -76 51 22 -4 -95 100 4 40 -9 -36 72 18 -63 16 19 77 -96 99 -90 -28 4 41 -41 38 51 -63 -66 56 2 -14 52 -78 -92 -43 33 -72 -76 16 30 93 58 -25 -97
-11 96 -64 32 -33 -41 -54 -35 90 -33 97 -85 -95 -70 -10 -17 -28 -50 -99 28 80 99 -37 -27 -38 83 -83 70 62 -40 7 59 -99 -67 -36 -6 -13 -8 5 -90 -78 54 -7 -25 -45 -96 -2 -9 -19 18 -1 -19 -62 29 7 -72 47 41 -98 40 -10 58 28 87 11 1 -55 -87 -98 -61 40 56 49 -45 84 29 17 9 -13 1 -12 56 -53 30 -62 64 -3 -35 19 30 5 -90 10 87 -97 87 24 43 48 -10
-41 57 62 -55 36 81 51 -95 -77 -54 -51 -29 44 -31 -6 -92 -90 75 7 -100 -59 -22 -93 -50 0 -30 -31 4 15 84 -31 -88 65 -8 -66 65 -29 29 95 -17 23 -54 34 -10 57 -7 -65 38 75 72 -70 6 1 80 -50 -54 -76 -70 36 -20 93 27 -90 -95 -10 76 -93 73 -95 53 54 66 -10 35 -47 100 99 -92 -29 90 20 73 -48 48 16 -20 100 82 48 28 21 -52 -50 -70 2 43 33 -30 95 -46
62 -79 33 -66 -23 49 49 -71 14 75 -58 -85 37 35 94 -94 -56 4 19 54 -47 -35 -5 -17 -60 46 -18 -72 11 -36 55 13 -11 -77 44 92 -61 38 -47 -24 66 13 36 73 60 91 21 97 27 -11 -61 41 78 -67 -94 -23 44 -76 -80 24 -6 -50 19 -41 -84 94 -23 8 -94 78 -1 -78 -91 73 -45 -56 -5 47 97 -33 -20 22 98 69 -80 -19 -78 -100 -1 -31 -49 -48 -100 4 -45 43 -91 74 -78 -50
37 84 -36 12 -12 -46 83 -37 -51 -80 23 60 68 -47 -51 51 13 -83 21 -16 20 75 -60 23 51 73 -94 32 -3 -76 43 22 44 11 -11 -35 50 -49 39 -77 -37 25 9 -62 -99 -50 32 -17 -15 69 89 -38 -92 1 67 5 75 74 89 -15 -91 79 -42 96 -33 37 -64 96 -83 -64 42 -46 -96 -28 -66 -69 20 69 -95 -13 27 13 64 44 45 -32 -36 42 -23 10 11 28 87 -61 -22 -52 -13 -47 -33 82
-78 -63 -37 -90 -92 -95 75 -73 -58 -31 -72 63 -68 43 93 -38 32 46 11 85 89 -58 2 43 -100 26 -84 44 46 96 23 60 -49 -81 -17 -56 -52 0 -92 -39 -80 -42 -90 4 75 53 -56 -84 75 37 95 73 33 -74 -35 -12 74 -91 7 6 24 -5 -1 -14 -65 -91 15 -66 -7 -99 -43 72 57 -71 67 42 77 -73 -2 -85 -49 -29 -78 -34 -58 11 28 -71 3 -2 -99 -83 30 -1 36 91 -42 -82 33 14
11 51 -60 16 59 -80 -73 30 0 27 54 -29 79 -70 -21 95 -20 -89 42 -38 -73 3 90 -73 14 -66 -23 -17 72 96 5 -6 77 52 23 -67 72 52 60 -83 73 10 70 60 -22 -38 -97 -34 0 -22 -3 23 29 3 -50 20 -7 20 58 71 -88 48 -52 53 53 -46 -15 39 82 -21 -57 17 47 42 66 -43 89 88 -2 -41 74 76 45 85 98 -8 -51 11 54 74 70 -98 -72 -63 -91 -49 47 12 72 86
-99 -81 21 -7 -9 54 34 -21 29 45 27 -10 9 -60 51 39 91 -78 -69 64 60 -19 -62 43 -1 56 -55 1 -25 -31 67 -25 -32 85 41 -25 55 11 -8 -9 -62 -6 59 59 19 -71 32 -46 7 27 -18 18 -76 -79 -69 -30 -10 -76 35 42 56 92 -78 43 10 100 -7 78 -30 -54 -33 -38 7 -59 -42 21 -65 -98 -13 59 -29 92 -80 60 72 -64 -12 -21 -84 73 -79 -40 -80 67 -4 59 15 0 64 54
30 -29 27 -28 13 14 -61 -11 -14 -63 -78 -23 -55 82 -21 99 13 96 71 -35 35 9 78 46 52 -42 53 -81 -82 -11 -53 -11 44 95 -52 2 -99 -12 -34 -39 -50 -82 32 44 30 33 1 14 -48 -1 -75 82 24 48 -18 -43 -2 -94 76 -33 47 -22 89 -97 -32 -67 73 -86 -29 -42 -34 37 99 82 -58 -90 -100 -33 -100 96 46 -35 61 42 -10 -99 -15 63 -81 -15 -19 -67 48 -13 -2 -2 89 -85 -14 17
-81 14 62 38 19 -47 -46 2 76 -72 10 69 -36 2 -4 -66 72 -56 -22 -80 -96 -55 11 14 90 -67 -58 50 17 18 41 -83 -9 53 78 75 -60 5 46 34 26 -83 16 51 0 -66 17 -58 55 7 -27 40 52 12 67 61 15 -70 10 -74 79 48 79 26 3 60 18 -49 -83 -76 2 -65 -47 -79 11 33 -53 -15 51 95 53 -43 -84 -36 11 88 -80 -33 16 -63 85 13 7 -40 66 -87 -30 -24 53 -25
-8 -63 76 -21 17 -66 -1 -83 -51 -72 -58 -75 -2 -54 -22 -92 30 -63 24 -16 -80 -8 -78 49 -97 -39 -47 -29 45 -65 -60 91 90 -99 -50 -92 -24 -30 24 19 -72 -100 -64 20 77 83 31 -80 -33 75 -62 68 -5 0 67 70 -95 -9 -12 47 -87 57 67 79 89 -78 95 -79 16 48 55 69 20 25 10 -25 1 98 16 -24 -40 69 -86 -79 -34 77 -93 -53 -46 99 -39 76 -71 93 2 68 45 -63 55 -47
22 15 -4 89 -59 -87 -22 36 -66 42 -97 -1 -1 13 -50 -26 -36 -90 -39 23 99 -87 -52 0 -36 -99 -96 16 -20 -63 -33 11 -26 51 46 -25 -4 6 -19 1 -79 95 57 -39 -50 15 73 25 15 -35 64 4 59 -5 -62 -58 -75 62 -35 -48 -63 78 -70 -71 66 -100 10 -13 16 -46 91 -20 -77 -36 15 67 84 -8 -46 -85 77 26 -43 1 80 -17 55 -36 75 13 -54 -76 -38 -24 -42 -49 -21 53 61 -83
-60 -72 11 -2 -38 31 49 68 -18 -34 79 -3 -98 -76 62 8 -53 27 35 23 -63 41 2 92 56 34 7 10 -36 -49 14 -66 38 -20 99 57 -60 43 35 0 82 -85 91 -5 -45 48 -71 -32 78 50 7 60 71 -18 -92 -20 -91 33 48 -60 -35 -86 -51 -50 81 58 -14 95 43 -10 60 -62 -57 82 -71 67 65 -45 31 -35 -98 47 -68 53 -58 31 61 41 -31 40 56 67 -29 -46 -87 86 87 -44 92 100
-47 -85 6 -48 -47 1 -98 -42 82 9 -31 -34 -3 54 78 -27 -15 73 -52 -64 57 94 -73 -93 43 -4 -62 70 -93 -27 -43 -49 -89 -37 -26 72 -80 -93 -47 -53 -20 -60 -92 94 -25 94 41 -23 66 21 -41 -50 100 92 57 67 -70 37 -66 36 51 99 31 32 -22 74 -46 -86 97 24 29 21 -13 -1 -19 -70 36 39 -7 65 -11 71 -30 -17 -43 -8 45 -74 82 16 -6 24 25 -20 -79 -8 0 97 57 26
63 88 72 -81 -7 -41 19 66 -41 52 -98 25 -54 53 15 37 -11 62 2 -17 -30 -98 89 -93 18 -88 -50 -60 61 -25 -85 -36 -8 -27 33 8 1 25 55 -26 -91 -52 -36 57 38 49 -49 9 -75 -92 67 12 98 -71 -37 -66 -100 -45 69 6 27 -67 68 -43 -45 11 -3 -91 72 -42 49 -11 -28 -33 -74 -54 -98 -15 -54 -40 0 9 -39 -81 -17 27 33 -96 39 -88 53 37 -46 60 -56 77 38 -23 -26 -62
-100 -53 -72 33 84 -20 -64 -30 -84 53 -16 -73 -69 83 -18 -57 -89 62 51 -61 -18 -8 24 -43 -69 -73 -31 65 37 -42 -62 -14 -17 45 37 40 -99 -65 9 -78 -10 -95 -42 15 -94 -7 26 94 -33 4 37 69 91 3 39 -10 80 45 -93 9 -46 -62 69 -58 88 32 25 69 34 81 68 -65 97 96 -60 2 -15 -68 -37 51 39 -85 63 94 91 -13 29 54 -28 88 85 -91 -39 -60 -67 35 -7 -27 -43 67
78 67 34 -27 -89 -2 3 97 -11 92 -41 -55 28 22 1 63 -48 -69 -1 23 47 6 -87 -87 -5 38 33 -5 62 99 -71 67 -42 -95 57 81 59 -4 4 41 86 -36 -12 -62 -53 22 -79 72 19 16 100 54 15 -46 -26 -90 -12 17 -45 -86 -4 -16 -66 83 52 80 97 -54 68 61 56 84 65 57 -63 89 43 2 95 71 53 59 28 31 -70 -43 49 94 78 -36 -28 -48 42 55 33 -54 -98 -71 -47 -63
62 76 -81 -58 -65 51 -89 -88 54 -56 9 42 31 21 -4 -67 31 3 21 91 61 70 64 -1 19 62 69 41 -72 -18 96 -90 -51 11 97 -28 -90 13 -6 -91 17 100 -31 -85 77 42 -26 -3 -54 -76 95 4 -1 66 45 -30 -36 91 -37 64 -71 31 -47 57 -54 -6 89 7 -97 17 29 91 74 39 95 -43 9 58 -21 -74 -69 -20 30 46 -66 -83 -37 95 12 22 64 -19 -7 87 -40 55 -100 -81 -57 -66
-69 66 61 50 30 -27 -79 43 59 -59 59 7 15 51 -94 69 70 -73 63 -28 -55 82 -32 53 -99 59 76 37 -11 78 -1 91 -84 97 13 12 18 -53 30 10 23 -97 -65 -41 97 -81 15 -34 70 -61 63 64 -4 95 -62 64 9 -94 -28 96 -33 24 -57 91 38 84 -40 14 -44 -48 37 -6 47 92 8 -52 42 -10 -64 5 -86 23 -100 -18 -58 -45 -100 76 -91 -17 36 77 -18 -82 78 65 -15 81 71 4
-28 -26 50 -70 -63 85 -74 -89 22 -62 -98 24 -95 45 -49 58 73 -72 98 81 87 -78 -75 -32 -30 -11 3 0 -28 -62 -92 31 13 -89 -66 -64 89 -14 -41 96 92 17 26 67 79 19 41 84 -76 53 -26 -59 33 32 59 -54 2 -98 24 5 57 80 -18 -96 -81 -73 27 -92 -38 15 49 14 -61 -10 54 25 -69 -13 37 31 -14 -53 -26 36 -28 -1 54 -94 92 42 -59 -39 39 7 9 9 16 30 -57 -70
33 -96 -13 -53 27 84 -70 28 -94 8 100 -54 -43 81 -53 85 -58 57 10 -32 -14 -36 -7 -87 -50 -12 -36 -19 -100 -38 0 -69 41 -5 -95 -97 -52 -35 14 38 -85 -65 69 -33 -41 31 80 -23 57 -57 9 81 -54 34 50 -58 51 -81 95 -63 -39 79 74 100 -63 -81 93 -83 -21 -24 100 -11 53 1 59 -94 60 68 -16 -93 59 53 10 62 -43 -8 57 100 -43 -44 9 -51 -23 -57 -17 46 79 -8 -28 13
-75 84 -94 82 26 40 93 -43 -6 -96 44 -84 45 88 93 96 36 46 55 92 -68 -42 88 32 9 96 40 22 13 -94 73 41 -58 -56 32 -35 -56 -54 -70 69 91 50 9 -93 96 49 79 -77 -79 74 -58 7 17 -40 2 54 52 46 -64 -94 -80 79 97 -83 88 48 40 61 1 83 49 -42 41 100 -35 16 84 -41 -44 -43 95 56 -58 -35 -55 -7 -35 78 54 89 44 66 -64 -74 -46 -96 -26 -51 67 45
11 76 -34 -93 -9 83 70 -90 -67 60 9 78 68 -98 -16 11 71 -6 28 -3 -12 47 16 30 84 7 49 79 25 -96 -94 74 -100 81 -63 -21 -69 45 25 -35 99 26 -25 -63 -99 -44 -9 57 -29 68 -93 60 -62 53 -25 -95 68 67 -69 -87 59 93 66 97 0 -70 -56 12 14 27 97 29 -31 83 95 23 89 100 -80 58 37 14 63 80 68 84 -79 73 39 36 -92 -23 25 97 -77 8 -64 -96 -26 66
-32 74 -60 41 -58 -52 13 -69 -85 -2 69 -8 9 37 -85 71 83 82 54 88 64 -14 -30 -41 37 -8 36 -58 -59 -62 10 -4 31 47 -55 -71 36 -13 -34 -86 1 7 19 -16 73 8 -82 62 -31 -80 26 40 -34 -76 -1 -94 -63 -24 25 52 31 47 -73 61 29 71 -81 -2 -76 93 -51 20 -71 90 -44 59 -50 85 -47 -27 94 27 -50 -68 40 32 -90 74 85 -64 69 60 66 83 9 80 -23 48 -20 -33
-11 -14 6 -63 24 -43 -70 65 24 30 57 30 -68 46 67 72 70 79 69 -99 -43 -85 2 9 -86 -1 -11 -43 -96 86 -13 -97 -70 89 45 -28 -78 -23 42 31 73 67 22 -6 70 34 56 -49 -52 89 2 8 61 67 -21 -67 16 14 46 15 -17 96 85 -95 8 51 81 -11 -94 -12 -19 17 -44 59 38 79 -31 75 -75 30 91 -9 86 15 84 -88 -31 -18 34 -92 -99 79 -10 97 -19 40 -83 -1 80 54
-79 71 85 -40 51 -3 -50 7 9 -41 -25 -31 -71 12 -33 -83 100 31 67 -35 43 -33 -26 28 -12 91 -47 74 -67 -89 -82 7 49 -41 48 -22 42 48 -60 14 81 12 -2 -68 18 22 -35 -90 9 -27 -91 -28 62 66 -27 27 9 29 -90 -8 -40 97 47 61 28 -34 -4 4 -77 -71 86 -75 14 -59 -77 10 48 37 -60 57 -63 32 83 -55 -30 21 -3 13 1 32 49 -58 -20 42 67 68 87 -42 76 68
45 30 -6 -41 -29 -66 46 23 -80 86 24 55 -43 -16 -10 -100 -77 78 -32 57 -42 63 -68 -82 35 -35 14 -94 -88 -70 -34 -76 82 35 -56 -29 -67 27 49 -68 -22 -84 55 -13 -28 -53 53 -98 -69 -96 74 -56 -78 63 -80 -73 -49 -23 68 49 -54 47 -3 -64 50 -76 87 -83 4 -8 80 34 14 50 70 63 17 26 25 72 -8 90 27 11 -44 92 83 92 -27 44 -34 63 -25 -94 -54 -51 100 -95 -13 -98
-13 -43 -24 -34 47 0 -21 4 -18 47 39 -29 -43 -3 73 10 -83 -87 -88 2 20 -89 79 -69 16 23 62 89 7 75 -55 5 32 97 28 -56 -50 67 -29 -29 54 2 -71 40 90 74 -26 -79 -60 96 -55 -84 -49 -91 80 22 69 -26 -11 -78 -79 -7 10 -84 -19 -41 60 5 22 15 9 -54 -70 59 73 67 40 68 81 86 35 -39 94 -56 86 26 -81 48 -37 68 95 43 79 -22 67 71 -78 68 15 -37
97 36 -30 -37 44 28 42 75 -28 -10 -92 -51 -74 -29 -94 -74 -95 -50 -78 -77 -25 33 91 76 -88 69 -91 85 -81 -82 16 64 80 1 7 -53 1 75 -13 52 -3 9 -65 0 -52 39 73 -81 -22 11 -37 58 55 -63 -86 22 14 -39 39 76 -78 60 71 -57 67 -23 93 60 39 62 67 -39 -75 -92 -94 70 -68 13 58 36 -59 -96 -55 87 49 -56 -12 42 -26 -66 56 -22 27 2 -86 -94 -2 -87 -41 -99
-35 55 97 91 67 9 -27 -26 -22 47 -76 -17 13 -34 -85 50 -74 83 -33 96 33 -90 80 35 -99 -7 -14 11 -85 38 15 11 -20 -44 -74 -14 29 77 76 -45 20 -33 88 28 -36 -72 -21 -37 -75 61 27 23 7 14 13 54 92 39 23 47 43 81 46 -45 98 -87 -72 34 14 16 29 51 96 -72 62 -62 69 58 -76 -6 -7 1 -84 -31 -16 -47 81 -74 -85 10 2 58 42 57 -73 -53 2 46 -43 -37
-52 100 -29 -40 -12 -10 -90 4 47 20 -78 -17 -86 -65 -12 -15 74 -100 -42 -86 60 17 -76 33 15 -39 -54 7 97 75 66 -46 89 -42 -56 -90 11 -68 65 -58 38 35 18 8 4 -57 96 55 91 99 88 100 50 -83 31 -56 38 -18 -61 87 -80 37 -95 -99 -31 19 38 91 23 -17 28 -81 -63 -66 17 -43 43 -17 -69 -18 89 5 20 33 99 -87 -42 -53 -26 28 -54 -13 66 66 -43 92 -94 58 -18 84
9 78 -90 -26 -97 57 81 -70 15 -78 -20 76 98 25 5 -50 -100 -85 47 39 -64 -78 -91 41 -61 26 -95 41 99 2 12 48 99 55 93 -3 98 -82 -34 52 88 30 -69 -81 82 -56 -88 65 44 -6 100 33 -81 -78 53 -56 90 33 58 -59 -7 75 47 -89 33 -61 28 9 67 4 72 93 -100 51 99 -100 69 65 82 56 -96 -83 81 88 -82 -90 -23 -59 -91 92 76 -63 -25 8 -5 -73 -5 -56 60 -31
44 69 78 17 39 -98 -68 6 6 -82 3 95 -64 -43 51 -36 10 -31 -61 -36 -47 -25 54 -24 -27 93 -57 50 15 -18 78 64 -75 -28 5 100 -79 26 18 -3 -61 -16 -7 94 -67 -64 -100 -83 26 90 -31 32 86 -21 -82 63 -42 -59 84 59 -39 46 -57 -10 44 8 70 -22 27 42 -86 31 -89 28 1 94 91 -80 -1 -10 3 52 -44 -25 50 -51 25 23 10 44 -64 -62 100 -38 -72 -80 -63 -71 -42 -19
-27 -57 24 87 12 98 -48 -82 -100 44 -44 3 45 -87 8 65 -59 -39 -99 -33 -70 90 86 7 -31 -79 -21 -38 77 -82 52 -31 -27 1 -66 6 -82 5 -64 30 67 46 57 -12 -80 -72 -31 74 -25 84 -43 87 -8 -48 82 -64 -71 39 45 -42 -25 49 -52 -39 -10 79 49 -49 -31 84 -21 -40 -69 -36 -84 -82 81 28 -21 -9 -41 -88 77 98 -8 38 -13 3 -16 -83 11 85 99 27 72 -53 94 67 -99 -12
21 -71 -76 -77 -5 -58 -7 -58 85 68 -31 -34 -36 -19 100 10 -51 44 52 62 -53 -85 78 -69 -89 79 -69 -16 -82 99 -35 77 65 11 -69 -21 31 -71 -99 71 72 -53 85 80 -51 -75 30 -6 -46 -15 53 -62 57 35 -53 81 -54 23 -78 -6 64 31 91 57 -49 24 -47 37 -5 -42 -61 -31 -34 68 48 -4 97 -62 75 -25 -46 -68 -90 -52 66 25 -88 67 54 87 -7 92 -60 -1 -42 -10 77 13 2 62
10 59 11 94 -79 87 26 76 -51 -88 -38 -64 68 72 45 48 -42 -100 51 -45 -58 10 -89 -91 93 -64 76 -5 6 12 56 29 -59 25 -13 89 -8 96 20 46 18 35 23 -97 58 36 26 -29 -67 -3 -54 -88 -57 -89 4 -74 71 -89 39 -16 -54 14 75 38 84 -85 -88 -80 89 7 83 -65 17 -79 -22 96 51 46 19 94 50 -66 9 -40 -99 58 -3 -65 -31 52 5 -32 -23 31 54 -68 -86 55 -26 87
-11 -76 76 -49 93 -83 -23 -95 -84 34 -82 34 -39 61 37 -35 -26 15 19 -22 -12 -39 -25 8 -7 90 -54 62 -13 -66 45 33 -12 13 34 -88 69 63 -13 94 2 29 -24 -11 -36 55 59 -32 10 81 96 7 11 80 -95 59 -87 -9 75 89 -34 90 -75 79 76 -56 -33 27 0 -55 86 48 54 -15 84 -82 -72 60 62 -78 -92 -14 -43 -78 50 82 -68 24 47 -79 -25 -63 55 -76 9 96 -4 20 39 40
72 58 -16 73 -19 -68 -64 22 39 83 68 11 68 99 -4 -80 -24 -82 -63 -2 62 -75 11 -86 89 -67 -70 -40 -29 -2 55 -46 -30 -28 -47 -70 -6 -60 17 88 -61 74 5 -75 -84 -5 12 -81 -49 42 -36 35 -90 -56 34 2 33 43 79 98 -93 14 42 72 19 -66 -41 19 18 -81 99 41 96 76 -79 -65 7 33 -37 21 -94 -57 -88 82 82 1 -5 -2 -30 93 -86 43 -28 1 -60 30 -69 -41 47 4
-4 36 32 -72 88 -65 -38 -89 91 -76 -7 -25 5 -70 -100 -81 -70 47 55 50 -21 10 -51 -17 74 12 41 0 -86 14 43 -13 32 -28 -26 59 42 -43 11 -23 41 13 35 46 22 59 -52 -26 61 39 5 -19 -3 31 -22 95 -47 55 65 -46 30 43 -4 -72 -37 -2 36 -11 11 77 33 -32 26 -93 -37 57 -49 49 5 17 -93 93 30 -1 -46 17 65 34 45 -95 28 -22 -88 -63 86 61 43 36 90 -88
23 38 30 -1 -64 -30 -55 38 -66 -92 -39 -82 -45 32 -33 -51 -20 -80 -35 -78 -26 82 10 -69 -41 93 -35 -42 -94 -73 -63 -99 -93 -36 -33 -41 73 0 -16 -58 -82 -83 -75 -86 -91 -76 88 -60 -12 21 72 -23 -35 -59 27 -68 -77 -52 54 24 -57 15 -75 76 -33 78 -62 -39 26 -33 75 52 -44 16 56 23 -93 98 88 47 -59 -16 85 -70 -40 -87 -95 51 -63 -53 -53 14 65 22 84 -42 50 69 40 26
