200 1 0.101055
200 2 0.0591854
200 4 0.0382325
200 8 0.0277932
400 1 0.756178
400 2 0.439519
400 4 0.328214
400 8 0.230946
800 1 6.96875
800 2 3.92694
800 4 2.22882
800 8 1.61911
1000 1 15.7435
1000 2 8.30295
1000 4 4.46369
1000 8 3.91676
1200 1 28.8226
1200 2 14.9306
1200 4 9.01316
1200 8 7.73
1400 1 47.6848
1400 2 24.2073
1400 4 15.1583
1400 8 12.1152
1600 1 70.2185
1600 2 35.54721
1600 4 22.0837
1600 8 17.12606
1800 1 101.4127
1800 2 50.33684
1800 4 31.089502
1800 8 24.24168
2000 1 135.763941
2000 2 68.4126
2000 4 42.1558
2000 8 33.28714
4000 1 1080.842551
4000 2 560.31744
4000 4 345.228903
4000 8 275.61428
